1500 8000
450 843
1037 145
785 833
981 250
1335 1236
247 1423
583 1143
1104 320
861 562
405 319
967 1483
342 1202
710 137
250 152
408 738
1206 718
664 435
727 720
1455 1193
775 1434
1334 903
1358 1260
833 1375
310 1334
1010 25
793 27
1089 843
1448 1419
338 386
1161 1362
366 862
1173 433
1393 436
319 1275
214 993
709 1201
1316 189
146 566
1295 1298
1185 672
37 1333
286 51
1500 683
1415 87
1222 675
552 1109
1386 554
78 1226
31 1114
907 290
1201 508
497 392
438 980
1054 983
1148 847
960 567
848 97
1069 968
761 586
45 1170
781 43
727 975
1487 434
952 1093
314 247
869 277
506 188
1190 103
596 347
1420 794
1007 1150
389 54
316 478
897 460
608 357
315 1007
819 806
191 1237
961 1155
803 946
753 1125
59 1468
1103 686
957 366
1213 63
1352 1390
72 1141
731 814
956 932
832 371
584 1289
554 363
848 581
827 1461
369 317
926 1403
1026 358
1012 423
525 830
923 1105
197 210
864 1464
1194 1339
177 497
264 156
544 964
1089 764
260 1205
753 320
1294 415
817 1244
77 680
1338 421
756 1234
892 600
663 548
924 552
1141 1075
586 1496
484 1485
236 151
1041 90
1221 1189
624 970
266 1262
708 146
16 1316
1177 1119
924 673
965 711
1319 1468
1309 780
1281 947
937 908
1198 949
67 271
886 1091
416 913
969 308
15 983
818 1078
104 274
687 329
248 1450
163 854
622 1139
928 162
81 1458
578 278
863 676
326 1491
1234 848
169 524
998 83
764 670
256 1166
1068 1081
1183 802
213 688
655 804
333 1278
116 755
106 1464
417 868
1015 1497
791 520
1300 397
937 345
1253 322
1093 104
883 1277
1351 628
1483 784
1051 861
683 1108
842 872
1047 109
471 407
266 941
1009 985
1429 1342
918 1392
39 898
1085 751
813 292
1305 754
1203 743
965 1100
321 769
746 238
1377 1044
912 944
361 1070
1061 515
882 18
355 1292
67 71
542 1118
215 723
292 189
550 713
1460 1163
493 1347
610 700
801 1234
931 526
319 672
537 77
236 903
733 955
158 1478
1409 6
1020 719
144 1314
1448 937
248 1142
609 367
1407 347
5 1155
600 547
326 15
434 1009
1470 403
1301 365
535 1357
1474 293
918 829
596 549
766 435
231 1094
568 716
329 205
1167 1304
320 385
1357 876
163 667
1398 648
1467 253
1271 1361
923 126
713 545
305 1245
658 380
549 1376
1465 594
238 208
260 455
504 1081
5 1397
1269 884
1090 424
407 1148
503 856
135 460
498 512
1012 733
124 42
1017 848
1070 674
70 1499
1448 1300
606 1250
771 792
1308 731
144 630
714 1197
483 1264
1328 309
870 626
1186 1128
1408 975
189 1167
1383 1147
1068 89
18 1285
183 635
518 1379
1416 543
941 1445
81 587
1047 151
744 113
245 466
18 9
714 1439
206 703
1233 277
112 58
318 392
1256 446
1278 959
75 1159
1068 1149
875 983
1451 621
1456 736
492 1447
1258 226
1285 329
60 541
1061 1375
654 462
1459 1384
1378 264
731 453
1407 736
1157 36
1212 460
1145 470
1294 270
1203 677
721 408
853 298
630 226
45 1293
332 303
465 832
610 1452
1214 398
646 880
417 1057
1284 871
635 462
1485 632
1359 227
502 835
420 1476
977 347
1486 224
751 529
1260 635
1215 1158
320 1245
953 892
878 1472
752 350
540 430
490 609
971 653
310 907
5 42
1169 345
1107 699
418 891
256 563
27 740
1384 418
1243 1233
589 709
618 1410
277 851
923 1228
171 1135
1379 1013
821 722
791 25
77 453
863 1362
1309 890
284 1133
1125 1483
309 143
428 94
691 733
713 492
964 74
157 274
742 964
599 1144
1286 1293
510 843
477 400
351 32
261 1270
273 341
474 331
682 1034
836 683
923 1362
641 215
634 1259
1482 831
1478 1355
480 1021
400 274
773 785
869 1018
266 688
6 1286
407 169
1289 557
215 1396
447 736
999 1212
85 1286
88 803
84 1098
1152 673
1188 855
869 321
122 535
1402 555
1371 976
842 861
396 1040
102 593
1060 37
286 1168
1174 1078
902 619
343 921
1346 1333
1294 1143
998 98
464 164
1102 155
952 1379
1272 566
1026 1099
1401 222
1179 109
217 1455
573 70
1166 813
1334 397
649 65
339 1300
447 1099
874 412
1290 327
626 347
1020 237
1350 112
1286 622
979 879
761 656
996 1462
423 597
194 545
722 930
1115 861
24 1302
397 581
1469 864
1419 1272
1054 356
1472 115
233 658
107 253
838 1226
879 998
1167 1401
9 886
647 877
666 890
1280 295
891 1237
550 944
479 246
412 1010
183 1187
1002 58
1421 1173
958 1183
942 1175
923 933
1344 172
1029 1063
400 74
1271 1121
390 1372
417 1475
44 964
1477 1226
668 828
659 1008
29 841
184 486
1421 1294
557 731
1259 1003
1188 534
133 898
257 210
50 900
1027 1111
1159 247
481 1086
641 1075
183 1429
1210 1232
599 1078
1191 724
1041 1194
795 495
1276 539
1062 1482
1215 300
1473 824
260 565
877 1473
34 30
414 251
1100 727
47 457
1358 1251
370 1376
349 270
1001 950
152 1153
334 901
1046 1366
305 1139
1191 966
924 622
951 725
884 1489
132 393
963 550
268 1220
211 686
144 1450
49 395
902 311
749 1035
148 522
922 145
132 514
531 31
679 912
200 160
208 509
738 1263
88 629
943 1143
1497 497
69 350
425 1446
115 1220
1240 612
1383 1149
598 1108
1121 1149
696 219
1052 1315
133 1045
1088 743
516 517
1044 902
1335 1374
510 214
1355 40
1220 81
798 617
657 641
177 4
1400 685
517 338
25 401
1408 51
714 394
356 649
493 920
596 109
508 1457
432 415
210 302
1385 269
1390 384
373 1003
429 346
133 1287
525 579
1182 849
998 274
89 1180
230 173
176 1105
1248 156
1368 975
965 1265
1001 1447
1215 1147
1239 1275
576 931
1352 1152
10 25
1068 1393
887 298
1231 862
1384 1104
811 1471
1246 1399
380 238
600 470
1391 1265
104 828
563 1342
181 28
461 1065
84 361
1171 178
534 1055
245 952
1150 1058
152 724
1487 680
1129 706
1219 865
118 847
479 72
424 136
783 1237
542 128
1034 819
789 5
986 519
1178 231
570 311
1153 403
752 1291
1425 825
1452 699
798 175
755 1296
851 1233
87 837
485 883
696 837
388 721
305 952
107 442
561 612
631 1351
990 237
532 850
1225 777
421 1248
603 730
1381 14
190 1500
68 342
611 1264
330 1251
1119 1182
185 109
747 1310
1229 1313
74 278
808 731
1171 554
491 566
1005 1016
1165 1005
425 212
232 800
330 1143
242 1259
1357 946
1269 833
910 900
929 913
268 1396
152 1221
527 115
511 107
650 451
1472 788
1286 369
11 1218
556 1018
527 1283
265 51
382 636
1440 18
911 199
799 924
981 672
375 862
1242 447
884 739
722 677
792 1150
630 1088
697 95
759 973
1148 556
1120 457
1073 382
580 449
1383 278
736 696
1486 965
630 1209
396 1042
234 980
1497 565
855 1327
1262 927
780 924
1239 1438
282 647
879 637
994 1378
1099 640
1007 1317
1200 1217
971 1394
1129 519
1325 1397
679 1222
823 863
138 760
699 1056
129 940
463 62
905 932
66 362
1081 111
1000 1169
852 1042
285 140
1410 286
1102 170
138 881
100 360
1098 1448
344 720
1032 1094
77 376
261 951
417 1464
962 769
741 1295
1126 877
859 1287
988 943
1137 477
321 1123
388 884
171 132
575 481
1306 700
423 841
1099 1124
562 956
766 197
263 1010
815 1257
362 494
1296 1301
118 1265
1282 585
726 367
1273 765
253 443
776 484
970 727
1097 310
990 184
1499 290
986 479
857 557
1147 1070
844 1298
204 443
94 800
720 1491
365 1263
721 144
368 551
184 730
1438 953
1462 1347
784 200
100 736
69 1386
260 688
511 41
879 208
754 442
434 1026
212 159
845 331
1189 141
1342 1137
421 269
1157 832
1400 324
1420 1471
694 1330
141 629
96 1381
595 799
1288 1022
520 1150
349 285
1374 1476
911 254
1233 39
138 1270
413 1209
1330 615
961 1014
804 276
792 976
616 750
1108 1441
48 1461
344 291
640 1107
161 1338
486 640
357 755
668 388
105 1214
444 643
628 989
304 111
1274 1366
1203 668
740 641
50 231
1116 928
197 658
971 281
802 1263
912 869
31 1120
996 1277
851 630
1437 956
422 224
785 47
1405 923
253 122
198 186
1280 1157
158 1053
923 856
441 587
1253 502
864 1444
1143 630
512 238
747 1044
1437 30
119 1475
1117 348
234 1
210 1364
292 1403
904 469
317 938
1376 693
177 140
1123 284
350 297
1065 50
247 61
111 954
133 713
563 297
1437 1090
468 1457
862 593
86 143
349 1011
41 895
780 1463
245 136
1377 1224
365 726
1077 1457
184 422
1118 1229
1130 300
104 133
470 1422
1435 347
980 477
1057 172
603 490
1236 174
1449 1450
1053 1221
405 1414
69 970
1491 1043
603 611
678 1428
1248 763
995 317
1272 891
874 27
851 309
1104 489
529 29
140 742
933 378
93 630
1084 547
722 1363
1265 70
461 275
655 555
94 747
1081 892
1031 1300
372 432
458 1438
112 1030
1249 247
855 845
1061 950
321 386
2 340
191 1030
447 498
717 93
648 222
964 199
8 276
528 571
703 1326
1071 1493
770 104
1267 1139
1299 1357
497 440
438 1028
1154 215
873 956
944 607
538 1151
440 579
1449 779
141 926
898 905
495 1454
216 53
703 171
1253 315
281 936
234 861
1405 857
847 795
921 744
864 210
1394 964
251 1215
810 913
292 987
968 38
125 581
162 877
721 346
795 1049
168 362
893 803
1459 1443
669 1058
824 703
919 1206
1124 443
936 392
1051 1096
321 762
794 1211
799 1289
701 754
687 819
1269 1440
598 481
629 585
880 1399
245 888
202 252
286 1414
353 421
265 308
1407 98
1491 506
302 604
407 657
260 1132
223 1479
285 142
413 593
1142 702
1257 1443
1419 1276
1090 283
976 935
489 588
549 1356
681 758
567 1410
247 8
408 370
1231 114
331 86
1263 66
819 1109
1440 1456
165 319
1014 301
1222 1233
418 1179
320 607
247 1068
679 1479
99 904
880 715
1411 1105
48 1087
454 314
612 900
1388 1121
326 1068
1444 235
64 802
626 17
1340 1346
746 836
104 1369
185 45
732 443
952 712
1241 549
1437 232
203 1082
1391 759
1216 906
1298 1470
937 30
1100 960
971 1075
802 71
1318 136
368 782
115 1090
1355 1186
138 1259
600 1024
206 1393
1205 1134
1241 791
735 202
964 25
1240 603
1233 149
1105 378
86 924
640 49
1035 844
455 269
1482 72
83 397
1442 673
1003 1269
1199 952
404 1206
886 226
1309 1083
730 1376
17 1211
857 693
1415 432
918 151
773 965
854 395
1294 142
883 1096
304 1389
751 388
785 1204
558 747
747 683
580 506
1490 727
1412 1073
235 242
1315 1369
983 401
1461 1194
688 224
1389 271
1406 440
1246 222
103 473
1080 455
992 571
234 929
913 692
980 224
250 873
64 1420
86 1179
965 101
323 368
646 55
1069 158
861 946
1091 176
31 196
1151 227
1352 217
773 52
250 765
1347 1041
230 527
3 1302
796 938
278 1241
563 178
1428 1380
182 486
653 71
768 58
405 6
1072 1223
172 1195
89 1197
403 310
625 1177
963 1172
1133 829
830 1057
720 1185
1496 1406
606 117
1370 284
410 205
412 1069
253 487
291 779
445 428
1097 125
185 1026
1352 580
680 187
1240 295
467 79
1415 821
1291 1280
1390 993
631 187
853 788
233 1080
140 852
608 957
212 203
523 1263
682 1027
814 1183
437 442
1084 778
827 893
1381 247
393 372
1360 1356
1009 375
1000 555
673 160
1223 75
1450 1020
687 1492
267 906
208 1494
304 1202
1252 483
764 665
648 224
16 1445
1318 433
887 1149
723 260
670 922
1041 569
576 506
1364 27
1245 601
1233 1264
1376 266
723 381
957 53
576 627
825 1331
291 1397
36 353
3 176
966 223
394 1229
452 941
1365 908
620 754
594 1290
633 464
311 184
476 517
1035 215
321 643
1326 687
448 418
272 458
905 105
774 1342
1434 634
441 644
721 469
1077 333
812 587
1152 1150
560 1275
211 1121
357 946
1227 277
1141 991
1495 1260
359 1221
1135 688
1056 166
925 878
820 1350
1227 1216
817 1052
63 1344
271 1293
1288 408
317 1116
551 1054
107 1306
938 1463
1375 1464
36 608
1376 871
806 526
1172 583
418 121
425 834
192 74
646 244
1394 403
1127 288
683 540
933 193
698 821
1208 1300
394 558
442 77
199 319
674 1366
636 91
1458 1448
1031 1115
415 617
819 1232
948 1117
1316 52
984 774
1023 473
1090 1466
465 1377
866 260
1258 1013
298 971
843 771
1325 20
380 781
553 443
850 666
171 1317
1260 12
620 1372
1481 654
1030 489
1093 20
1296 379
814 1130
1158 903
84 1025
225 735
1157 715
342 502
433 620
1076 726
1021 790
797 1082
533 972
1059 264
44 286
427 1219
1115 1364
485 1197
1132 779
270 1272
58 864
415 1101
749 223
605 215
615 1162
62 690
351 564
1294 962
251 1380
43 182
392 107
1 185
240 467
713 916
1112 167
418 739
50 343
593 1265
1468 1199
702 1437
506 64
107 1227
1268 1030
1299 380
427 185
163 341
204 113
1306 504
136 652
824 760
746 1335
1420 791
1079 986
979 1048
880 517
228 591
1207 1437
1267 1451
401 519
404 524
89 1186
161 537
195 1353
983 645
154 534
849 1059
434 817
267 182
141 1238
843 1281
1305 1046
1145 828
986 512
733 66
339 435
8 830
317 124
181 492
1215 1274
1466 627
951 410
109 360
969 1218
1033 479
1351 1283
1495 281
1321 882
1293 1049
1372 1113
861 143
379 894
734 533
486 202
317 1413
137 1482
1069 1462
943 1057
1490 1455
1158 716
1168 1175
893 418
1128 995
994 766
985 946
176 548
1046 367
426 430
354 1493
1011 531
32 1442
162 734
1306 1122
848 15
1445 5
882 565
1415 1065
268 342
918 195
118 1337
18 167
1236 541
1473 188
913 265
1114 26
386 1273
34 562
201 1493
660 960
992 1433
1281 1307
661 1333
260 760
203 226
576 737
122 301
1071 679
1453 781
718 1086
420 1392
602 1140
927 671
325 108
261 352
706 968
978 1161
890 1314
339 1174
810 1025
1063 1205
655 1151
461 642
507 987
972 858
1085 735
340 581
677 1435
732 1105
1150 864
176 924
498 938
988 802
625 979
1351 625
87 1340
1121 1331
582 1053
1342 741
972 979
903 1108
588 50
1449 86
1301 1154
1204 1221
87 1461
176 227
422 1451
934 808
543 694
295 1346
429 1346
630 1336
790 305
60 954
449 766
489 579
800 471
908 1465
552 369
1465 336
505 294
317 997
928 885
418 1049
965 1218
757 1003
285 1193
1064 931
558 1059
635 754
823 1219
4 658
389 469
532 777
327 1311
803 1240
533 1416
192 1123
551 238
169 1368
200 718
157 1250
687 18
1385 814
182 785
801 534
223 557
536 788
1162 247
761 1135
489 713
248 321
626 947
1259 1348
734 480
682 24
40 557
633 1071
325 955
1436 1166
221 80
815 324
1059 950
952 824
1205 1004
2 1204
943 1004
1156 65
963 195
802 1001
1418 1004
275 1484
497 136
157 216
828 1138
800 1076
514 719
918 1068
202 861
496 850
169 455
573 1033
848 1009
428 157
820 910
479 617
575 850
1193 899
618 668
871 848
282 453
1275 443
61 979
103 1161
1309 1195
593 1025
1233 382
1376 1370
1054 1090
572 1087
1291 774
904 99
83 630
138 337
582 1216
856 967
610 268
97 649
508 1452
540 172
421 746
579 1332
462 289
943 333
1380 1088
1089 387
455 515
640 1463
1335 793
521 51
10 1067
815 3
1317 924
1356 98
1003 468
1387 1370
1414 1207
1354 927
822 1332
1424 1437
1331 1209
104 1052
1466 616
366 1466
903 1176
457 1355
1047 403
419 1063
271 182
537 1055
77 545
671 8
189 722
220 72
643 175
1415 920
1470 1381
351 3
1433 1499
719 658
578 719
421 1001
192 1178
584 241
28 252
57 953
690 371
1384 1462
964 876
58 316
837 17
553 258
1416 1387
516 1359
678 1192
810 1348
598 674
73 560
532 1074
866 196
375 602
1222 1292
1380 417
628 553
282 145
1347 1408
505 833
928 1195
305 21
433 435
1023 1469
305 1189
919 594
456 567
636 1437
942 1480
375 615
1261 479
1422 1299
400 150
1193 15
673 1440
1084 1011
1194 654
1134 374
1478 184
1111 885
409 1367
535 725
1094 194
717 436
467 1493
281 808
415 1037
527 1278
1208 673
377 516
1050 1319
1449 1001
1481 724
1001 87
1140 431
612 46
942 675
818 151
556 1134
1100 1032
157 634
905 793
230 1378
330 333
877 731
1009 621
744 1104
589 35
1258 1325
423 231
311 1343
894 1435
1276 268
362 113
1272 563
1065 1253
313 1160
1292 1215
297 398
586 6
176 108
100 1281
427 1410
676 165
1228 907
222 483
455 691
357 119
1484 1092
899 173
551 924
944 855
1169 1202
278 11
732 181
260 1125
1342 864
505 404
1102 394
534 1105
343 113
661 651
1362 735
1271 1105
13 881
972 1452
1271 287
753 361
1066 592
978 708
745 1180
769 342
1032 981
72 148
784 879
1463 1396
362 1415
145 892
26 1200
1158 531
953 1065
588 186
1210 169
215 1072
667 415
164 1255
277 903
982 692
287 1362
323 1019
1322 760
295 1482
995 136
819 176
934 126
3 785
1202 1109
1387 862
272 946
69 92
301 1418
1016 1363
155 546
1337 1418
1141 82
989 708
457 847
387 788
468 484
877 423
1446 543
4 1252
1458 405
1193 888
1451 1412
678 442
351 84
1175 1248
1187 319
741 727
92 318
1422 1125
1059 26
1440 886
617 324
472 845
1458 647
1339 430
886 1387
278 750
25 1324
460 727
1470 886
792 971
1433 1004
316 453
994 139
727 24
550 391
515 1336
366 1213
263 334
858 1446
1040 1194
1420 661
878 866
793 499
688 217
294 815
954 861
1215 902
649 225
1039 676
1352 89
679 1272
1164 38
775 980
333 635
981 1085
1408 398
1100 282
62 815
1476 798
736 759
1081 1437
462 1459
1088 164
415 1347
1412 261
856 43
276 1454
1262 1219
337 646
39 952
660 104
223 1298
1002 1265
1217 695
1266 291
388 584
797 752
147 1424
1405 113
1055 229
255 176
432 1004
339 547
808 1291
1017 647
1180 116
593 585
1331 285
1169 223
81 144
303 1011
448 611
215 80
1378 747
1094 988
1159 1117
71 72
665 316
1036 229
525 13
1053 169
650 193
1164 414
1219 1104
178 1137
1315 583
818 945
959 884
713 1417
436 614
620 1189
1344 237
1295 52
219 1030
1466 1102
740 207
611 322
1359 710
53 1492
631 1240
1432 1225
236 152
1228 412
1367 1244
267 670
523 330
1474 589
395 1084
427 1036
764 658
1497 1475
393 1425
773 892
1334 1188
1029 323
1428 823
715 392
436 977
1105 318
1122 258
750 615
316 1326
766 744
502 634
1443 434
667 967
644 983
1311 1483
1269 254
1171 914
1417 152
1207 1362
1114 151
646 800
673 637
962 511
64 1347
1188 36
1272 444
924 1158
1414 1022
707 406
318 338
119 357
234 1098
1252 852
56 8
173 593
790 1464
260 1006
1135 681
827 336
1209 401
1226 570
708 873
842 1102
1146 52
1125 114
660 51
106 660
978 589
983 933
143 956
1077 568
1111 1384
3 424
163 413
956 49
211 1127
1131 50
86 1361
368 293
356 956
488 1112
216 653
1195 708
546 299
752 404
504 1056
487 1412
535 406
375 188
308 1181
77 494
333 945
625 70
1113 1285
906 992
961 1453
1484 1457
152 789
926 412
1000 361
150 191
172 209
1078 1220
1145 190
420 954
1251 1111
454 309
590 1136
1254 133
901 769
273 1200
8 1131
443 1059
178 1313
869 938
1251 1003
337 1077
305 307
1444 351
190 505
413 25
253 561
800 959
435 43
26 747
833 318
1385 831
889 893
964 20
1418 190
571 1257
1135 1299
285 634
785 1186
343 841
169 688
1411 416
1017 31
189 108
1424 126
481 1448
1282 945
262 623
179 854
344 396
924 742
700 1263
1395 593
1211 18
1094 1419
1160 955
7 518
1001 144
1013 1430
1309 31
80 996
274 44
554 98
602 1078
504 506
1032 662
1465 958
379 511
1055 794
513 1265
198 170
98 232
1218 34
1221 1500
961 1132
959 268
251 447
495 807
794 1140
527 759
966 1102
1139 1259
986 34
621 1333
1003 1398
216 1284
684 1389
524 1400
1171 982
467 866
369 65
742 576
88 52
869 617
907 643
189 363
722 863
1453 1082
94 1294
431 125
1272 741
191 409
46 994
951 1100
376 1394
1353 851
1475 282
1116 349
548 831
780 171
812 877
1044 217
507 241
911 856
1283 233
770 651
1387 556
905 58
306 1419
884 1167
194 949
736 1003
278 1357
474 1003
212 774
427 662
1096 757
738 1049
724 885
1460 1448
1123 402
1326 990
1055 1399
437 303
141 1473
1240 398
1359 349
964 988
1143 990
83 1010
917 418
1445 803
154 890
1086 870
198 667
626 885
929 657
357 431
1050 129
321 1188
252 1317
850 714
1306 765
435 206
1071 1356
735 1407
854 1358
551 1357
657 1487
1500 486
624 1081
1439 1230
24 793
1342 1297
1335 126
538 1014
1038 1300
1076 545
928 381
319 1091
1124 64
1067 725
1367 428
1107 1063
926 722
804 207
360 1213
1029 325
834 86
1350 1134
1127 604
681 29
311 984
508 1498
1489 956
859 789
680 558
938 1082
303 571
1189 435
13 509
1400 618
852 1015
819 609
79 45
168 1285
1401 439
28 753
1466 1359
1065 1015
1385 202
707 287
182 402
891 862
390 1105
1382 1365
585 792
883 220
167 50
332 346
258 168
774 1216
679 161
1338 1029
343 212
1310 967
1153 1249
1046 628
1297 210
1111 1023
183 1162
197 831
771 1332
487 341
1364 156
1319 908
1090 1085
80 1414
895 580
881 682
582 120
1431 560
1161 736
517 634
321 759
945 1340
815 1230
488 872
749 647
293 367
308 1170
815 183
806 629
66 590
665 1178
373 481
827 688
1441 93
271 470
455 816
601 870
1294 568
1179 352
1349 1029
643 1281
553 304
1238 932
773 344
556 346
912 1176
906 1102
543 1050
975 1461
689 1104
882 250
1429 648
441 773
1022 1
803 1125
856 234
57 1012
1292 764
795 483
1144 637
538 827
1245 1443
627 118
1224 108
152 1020
210 961
549 427
851 11
580 945
1163 1000
717 1179
1400 418
120 960
154 19
54 606
1482 753
766 546
945 548
334 660
564 1122
1159 477
944 1343
498 731
1198 176
1115 407
881 240
745 608
93 453
817 484
598 1083
216 789
1465 705
945 669
26 628
856 597
92 201
993 831
1112 28
814 1125
406 1034
316 323
1340 417
734 836
1274 63
799 965
1210 536
723 189
1017 141
876 956
729 1431
173 1213
419 451
61 743
1272 138
881 482
693 1185
1075 1250
1354 436
385 574
403 857
1393 778
671 793
441 1499
1382 1299
1466 475
309 562
734 31
242 1326
488 564
405 795
952 1193
716 162
1455 730
290 1222
403 1099
444 871
559 1383
1412 1070
741 865
343 38
1156 555
877 1140
1405 1259
1343 152
632 1043
744 1284
857 1161
98 355
695 345
1329 1385
966 1333
871 49
480 393
707 584
283 522
1059 743
137 993
756 742
1079 163
93 132
1498 561
749 702
1203 909
1239 566
1199 1433
1139 1153
939 45
466 121
101 1420
1083 1221
264 135
563 1222
972 1390
2 660
1392 286
299 358
426 170
479 1228
293 543
95 70
683 240
165 1297
61 193
1007 337
976 987
847 1102
1177 977
43 782
368 350
148 81
1166 64
414 991
106 838
613 117
301 296
27 959
1251 1047
385 374
63 360
212 1126
988 1347
458 135
1468 523
1140 169
1302 756
388 1059
364 207
1346 8
979 480
640 785
1046 12
404 774
1221 13
403 549
353 957
1284 69
926 590
1457 226
1170 721
1467 419
233 1306
736 1368
450 1011
147 973
893 534
1096 1122
33 844
44 444
1465 881
379 434
804 1135
1246 19
430 1190
1128 1232
1104 609
911 1234
985 1183
1349 413
690 740
55 229
371 731
1312 494
1243 660
1238 316
1308 1018
1212 1081
1017 88
521 904
267 1024
597 899
1115 596
1218 1246
511 1384
485 200
1321 435
87 1093
1045 271
1461 186
876 1253
1094 658
1452 137
716 217
1244 373
624 628
1142 96
814 496
825 1328
768 794
584 973
878 925
293 6
1417 156
422 1325
427 1403
1457 494
794 150
861 1106
732 174
869 674
1328 959
988 1039
1451 800
513 517
960 977
1478 674
332 1408
968 1326
1274 615
1131 41
484 459
35 1121
993 107
810 1154
1 490
135 1473
861 1348
408 356
796 172
1276 1334
181 313
106 893
1429 758
1071 1050
641 1173
1317 1227
714 1163
7 1301
260 1481
1223 1040
1414 113
1353 103
480 703
227 257
705 821
1326 1168
118 1024
943 878
1113 1289
225 598
445 601
202 614
379 247
499 837
254 252
641 1186
248 437
592 18
656 1171
775 368
1232 55
229 1363
1488 1472
645 29
1219 1284
942 481
639 709
527 1205
370 1487
896 779
1128 119
462 29
813 781
1341 1166
1083 605
1432 1284
301 835
413 1076
683 671
879 317
1291 527
759 666
399 94
486 736
543 489
410 862
1110 78
1012 149
1339 315
841 38
1362 1467
1107 194
448 1275
986 133
346 1264
487 1203
1243 957
1377 957
940 956
76 585
664 1021
84 446
241 689
1490 605
232 1098
1398 1016
1131 901
1043 788
372 620
709 1437
881 497
855 1491
1139 1021
1364 1139
973 1483
1322 1371
238 805
904 1383
315 988
1440 1363
545 1450
478 228
589 1493
138 803
1096 506
132 988
746 393
550 518
142 1218
35 1055
238 926
663 395
463 1273
1063 1268
552 298
238 108
923 736
919 1260
999 694
1169 1142
253 123
299 239
247 49
195 1350
616 1343
1491 560
1298 1148
698 860
1168 809
1152 276
1118 1217
1429 813
1305 1043
1083 176
539 49
207 542
1212 586
160 1184
327 1361
56 80
262 414
1127 1387
623 1359
1051 345
1001 753
1424 856
524 599
833 122
1161 1156
583 1179
820 597
1353 1326
663 650
781 871
824 1470
992 825
1112 890
45 722
834 882
1334 939
1489 584
102 438
269 1369
645 1360
984 826
578 138
13 366
433 1477
1300 1062
842 1416
41 1367
356 210
958 544
72 451
584 828
564 361
423 1139
316 30
637 839
1495 870
717 310
933 608
831 826
910 890
1020 1250
53 1498
333 320
1487 1396
367 1136
928 1432
1034 367
1490 418
72 693
1073 1298
691 967
415 1032
1258 260
506 1150
982 1116
940 890
1173 832
820 1202
1452 1415
244 1271
142 1260
271 916
780 1022
174 1212
970 99
1212 386
157 750
430 387
189 1227
1212 1325
105 1499
1438 325
1396 99
917 330
1349 778
527 818
577 1164
16 639
761 756
530 1089
1499 722
408 1392
313 108
1192 979
1000 220
363 868
1032 963
22 538
1233 687
443 568
439 863
1239 1441
1485 679
1428 145
657 2
1123 1495
1393 1090
1121 631
505 399
1035 1382
821 864
396 1166
12 237
1268 1095
139 12
476 866
38 640
239 135
837 993
338 114
405 1107
289 895
796 174
1455 1042
789 1218
5 318
1078 274
667 1228
1482 623
1222 1450
1322 405
164 82
967 177
1156 867
40 1480
764 1282
523 136
561 428
349 20
1207 805
904 767
570 1416
972 642
745 1417
597 1290
1328 48
261 1304
187 1126
791 72
914 408
953 1302
1419 580
997 1345
1102 644
1169 405
202 616
1203 1450
1440 868
1087 1238
70 662
963 1468
1324 693
1164 475
5 452
555 367
1207 1047
766 550
1096 950
812 1191
1488 1474
853 963
486 1435
1265 1173
230 1186
342 1427
832 1025
343 834
642 901
764 598
91 1027
801 894
1429 197
1399 291
108 149
22 109
309 1371
1047 1300
63 672
973 1122
761 448
1117 312
1256 427
342 730
1025 494
636 453
460 722
1165 16
304 1148
546 910
324 568
327 48
1001 258
839 1428
433 740
61 1097
221 332
501 615
272 1317
284 388
1367 500
29 512
939 962
722 964
180 681
827 263
1305 790
245 810
207 289
1273 1252
1218 1316
1134 679
1459 210
712 1444
237 168
1441 836
1482 1362
866 1093
122 595
307 348
1198 556
988 975
604 46
1321 626
932 814
739 1439
1307 728
1196 860
525 692
72 1124
178 59
1289 41
1419 1319
378 120
484 287
40 1293
561 470
984 344
650 1222
100 526
24 1470
762 1170
729 993
415 537
294 247
1393 1387
426 174
1331 280
264 1307
886 1061
72 319
630 583
360 722
864 521
1025 1112
670 655
275 1294
20 21
976 1341
551 411
322 588
735 3
1493 584
1455 63
926 702
697 879
229 1299
1318 1226
1362 1269
837 135
11 1076
599 1246
850 828
805 1351
906 1403
1448 1457
550 78
129 1482
884 597
648 320
333 1248
1342 1411
169 507
566 143
177 856
1209 249
13 1428
758 84
1339 1298
437 672
413 86
387 851
1486 5
323 1324
624 498
1307 528
1382 1116
577 682
458 502
375 962
70 622
1052 423
231 688
176 789
1172 1242
193 167
1217 490
1139 836
1013 431
930 433
720 852
700 385
906 490
470 1091
470 862
346 1321
1111 1124
1400 732
476 384
992 1432
1269 20
314 285
1377 1014
1463 788
480 1257
1311 431
511 341
8 1447
350 1147
637 157
308 1150
882 1156
1375 42
1495 1127
750 744
161 349
1260 1489
229 978
932 869
1087 514
1014 1204
618 975
1473 1489
1185 39
686 1109
152 650
1318 797
583 1102
256 707
894 506
911 675
1059 573
436 1348
150 991
439 865
1452 733
505 401
116 1343
54 465
95 237
1038 635
991 294
1412 553
636 66
574 1174
348 1356
530 1333
838 1220
855 635
421 114
835 168
1041 236
945 299
298 717
86 538
796 176
1321 815
1183 356
379 1056
1279 818
766 1236
418 230
184 588
523 17
466 1469
925 1229
421 6
749 1003
396 1410
821 879
571 179
1450 821
500 1467
971 823
11 781
685 466
107 489
1273 636
874 890
155 422
714 120
558 1300
1184 5
468 589
1187 1471
1163 885
854 1298
1229 421
1166 1304
76 1152
874 1132
1357 54
576 1475
622 359
1427 527
333 256
1238 362
615 1137
1098 59
582 960
1017 134
623 503
1481 763
113 1421
870 609
37 379
1134 426
239 742
817 490
32 678
238 554
1265 357
40 798
112 149
494 968
268 396
717 259
1104 668
978 34
138 323
420 1433
253 1027
1282 711
165 685
724 383
192 788
279 1201
1110 1358
719 1207
182 1268
801 1017
1484 1010
37 621
54 36
429 1145
1301 1074
251 321
1392 1192
774 96
994 136
206 578
508 391
790 1272
609 968
598 284
804 389
1198 545
162 1151
284 619
1211 484
1352 194
142 1438
1087 448
980 93
61 52
761 692
397 1435
1080 674
367 509
201 971
1335 671
886 579
1329 102
453 697
709 623
1012 166
953 754
1071 975
1052 733
1082 612
22 366
572 510
533 289
1383 459
904 690
1444 146
69 1057
394 359
517 695
536 708
355 633
1036 1260
761 1055
71 874
664 1388
438 1341
288 579
601 810
909 926
1330 165
1483 1198
23 15
30 957
468 402
172 1306
166 1003
978 881
493 580
1422 814
584 469
61 428
659 1286
826 231
1287 589
1349 43
964 875
69 1191
171 421
11 957
262 539
324 1188
544 1191
870 1361
813 827
1353 283
183 660
398 319
1193 1
1191 894
561 727
657 435
65 560
221 1302
1432 1222
81 504
829 892
1027 1173
256 1259
1403 1164
1076 769
1156 11
932 266
1232 235
1256 363
1422 1298
933 841
814 1415
931 14
652 599
611 561
721 433
60 687
120 1492
539 658
1275 726
227 800
323 279
1006 309
161 217
1417 1075
1198 479
413 209
621 1141
1357 243
1174 1290
1494 248
1320 361
1209 493
1085 723
350 1028
811 1386
100 99
707 511
75 271
371 1087
1410 1422
278 105
1138 734
1496 1196
931 1424
477 988
678 978
898 1247
1371 1201
744 285
621 1383
373 1052
228 634
1172 439
814 731
1191 452
659 857
1206 1255
1108 683
53 1047
34 805
764 910
221 631
665 113
391 813
1010 791
845 983
853 578
1087 516
378 56
448 529
191 1398
175 636
691 1455
1208 927
1173 152
835 1096
349 119
576 1101
1276 509
684 634
627 100
264 1243
237 588
273 245
1216 643
1348 799
1229 1336
838 1451
236 888
929 815
79 416
122 1015
323 1005
137 357
1243 224
1322 517
1401 810
726 1395
578 1002
237 709
1343 805
481 1069
1222 286
649 653
449 70
647 1223
1462 389
839 935
173 1074
668 1282
484 707
1480 931
475 1412
738 294
781 930
280 648
1441 451
1207 1038
1400 184
241 427
977 761
223 787
567 597
1279 1062
167 892
1306 1165
277 1023
165 553
1424 928
596 1005
114 736
900 1416
1497 1406
1454 770
1211 1049
688 1008
1256 297
834 1062
1168 413
383 897
1425 1237
900 369
836 842
1342 1239
886 205
1304 718
161 1198
1444 469
469 267
190 852
1033 80
4 204
771 80
564 541
1092 431
608 318
1363 665
838 780
358 1375
576 551
1264 888
1451 485
778 914
484 144
97 1455
482 1266
1466 470
2 400
612 329
1443 257
1299 478
399 450
29 1442
1137 150
1469 660
469 1448
408 1438
1036 778
630 90
769 1188
455 503
589 1486
1296 1082
644 927
1425 1492
526 154
780 1202
68 996
468 149
817 37
311 1397
1426 1084
560 152
195 1451
436 345
59 624
1106 1079
1390 609
1156 442
49 1104
1250 40
1468 1431
351 688
1256 794
198 180
1452 440
244 296
959 278
1038 571
377 1054
542 1387
1428 1251
683 114
1307 961
321 930
405 106
219 653
420 643
1410 564
1198 910
281 1467
692 284
1395 966
211 1408
128 1410
1315 448
234 116
313 409
1330 985
165 245
101 489
1042 289
1131 1270
1207 622
1115 1033
817 1339
774 474
1486 451
866 1231
418 58
564 112
982 625
1289 287
886 1065
340 74
869 1098
1456 400
974 360
313 880
459 705
1025 1345
161 1011
1319 1334
1174 687
386 1129
1469 1278
884 359
1441 1445
1286 110
1241 596
764 1462
203 1129
867 126
1242 1235
1126 1289
138 1414
155 829
974 1420
638 1471
853 1130
543 187
1184 183
1301 768
1390 288
915 1227
423 1253
230 1124
409 1126
376 949
469 1140
103 265
1319 758
1362 1394
918 185
649 963
298 211
709 1014
705 306
221 1425
930 424
940 883
668 424
943 134
400 609
496 88
513 257
193 50
1251 1418
1273 1177
50 267
1142 199
1306 307
112 98
604 789
1170 1429
101 168
624 1441
457 1264
54 93
89 50
985 602
333 676
648 458
1480 1254
1316 594
951 910
1271 1080
729 797
536 631
868 1141
426 1025
704 215
1385 1367
1342 731
340 692
1327 379
1294 431
969 671
1146 38
248 56
1022 682
487 109
643 97
309 746
1393 1083
1465 205
1124 895
340 584
1327 729
358 867
205 396
1211 554
707 526
426 1038
491 1396
1186 726
195 351
1396 455
1043 1091
1308 342
671 1219
265 531
287 290
631 100
634 105
129 118
241 1113
1292 748
1069 218
632 180
926 398
1053 210
604 118
578 883
220 1175
1352 506
82 1470
1408 815
644 419
1241 409
1018 108
238 411
1347 283
1032 1211
619 776
605 878
1023 1391
173 955
458 1353
1304 586
467 126
288 649
1033 766
229 1237
788 706
1137 823
1338 355
80 848
723 1220
30 1256
998 930
328 1364
147 794
881 1284
953 140
565 260
181 792
1217 186
1211 112
736 1310
401 14
1179 833
480 1061
917 833
903 669
481 1434
1341 343
1291 522
842 430
1045 1247
1129 194
597 599
745 497
1185 769
761 441
131 274
948 533
1206 1057
887 28
916 1483
1439 1295
1198 186
570 846
129 615
456 744
707 326
292 84
1321 485
192 900
10 923
1486 64
1274 181
628 1201
1149 415
1159 837
5 929
1146 1019
387 213
893 610
739 372
1214 1419
28 805
1112 388
592 618
1483 826
404 1321
142 274
1405 88
1391 190
144 872
708 685
417 213
155 213
882 1215
679 1152
751 503
887 1330
448 465
1275 917
822 154
993 1204
41 757
450 1450
1054 396
1477 1253
1496 1266
217 919
1426 1436
873 1489
1076 1323
1423 1138
179 1337
726 981
1235 858
1245 85
1367 748
79 581
344 1000
1151 571
1039 101
1123 509
383 699
457 648
1324 499
1349 34
662 299
433 1230
1259 1043
1341 1082
343 519
525 1
160 1300
688 702
798 1099
342 65
1037 1344
123 1418
226 119
1477 1387
1260 864
971 761
296 1346
1442 346
781 866
48 1015
189 725
548 1072
1451 1334
1459 700
104 1297
1072 1459
552 898
23 1308
431 379
941 1124
705 1113
448 1191
1036 1398
291 1244
776 764
836 778
357 780
486 436
1212 1065
1160 875
90 207
966 1009
634 307
1250 539
658 664
501 421
1213 886
886 491
963 711
1465 878
475 893
1285 1176
485 1123
1274 1283
91 149
1292 1071
1233 198
720 616
312 1316
697 1127
1289 773
353 1088
599 326
203 326
869 187
96 1432
256 1384
199 850
777 598
1477 6
778 1200
193 52
318 1481
1073 596
674 850
1422 255
252 632
1024 1377
547 257
851 668
419 745
78 452
181 1102
1120 792
411 746
903 979
1329 1087
788 211
706 1081
1079 94
1065 196
241 981
15 638
473 55
832 631
285 4
1379 1029
202 235
1188 37
1062 864
25 804
787 107
304 404
259 1156
1350 449
491 230
1482 376
1437 1128
1148 1025
278 351
975 279
816 929
1026 510
263 982
1341 787
109 286
969 1144
909 864
1078 1316
445 1403
228 880
1255 454
859 225
34 1280
1268 164
1001 803
1157 562
1437 1370
348 423
34 233
638 1165
936 41
678 1466
1273 629
822 693
502 1240
32 308
128 770
1131 1448
386 1065
270 1119
807 829
810 346
1422 1102
1330 1284
1213 470
101 788
455 1286
159 241
486 370
725 652
1076 1404
1351 1343
955 1343
592 1291
838 529
1225 709
1305 409
262 598
861 432
1122 1227
19 611
1101 121
73 847
1043 1348
351 303
862 1007
1237 130
1149 283
631 357
1436 1279
685 593
258 1014
491 727
742 309
356 502
1402 584
1293 1351
1291 524
816 1426
1364 1002
932 554
54 1076
441 1485
333 262
236 558
585 712
1449 817
1094 589
879 664
1111 4
853 1200
680 720
1203 761
575 1192
518 658
1325 1424
1101 484
239 748
1443 1416
813 1249
1408 375
744 1149
568 1418
1091 964
1111 125
452 977
1341 358
1170 439
800 1431
1331 1067
632 800
709 266
318 610
953 855
70 1033
913 1493
354 977
1109 92
348 1391
819 784
604 859
1242 850
621 274
1331 141
293 408
460 33
401 621
866 980
172 1057
1028 224
137 1450
1264 208
775 1212
1353 960
1042 509
543 862
1064 39
109 341
1278 493
762 1394
710 975
677 798
238 1394
746 403
902 1145
1127 1263
387 470
729 170
206 129
660 336
1448 1089
1016 1166
933 1397
1041 176
1235 1210
810 280
1104 461
262 411
575 642
217 934
62 1060
406 833
1108 1105
533 645
846 1105
486 304
262 1350
1044 568
335 1074
1277 281
1337 295
14 201
504 65
1373 514
1259 1395
1300 938
40 604
394 836
1467 297
1076 412
585 1343
518 121
430 237
1211 48
971 66
362 776
119 789
117 191
750 363
997 469
1288 941
854 420
1284 1465
229 368
43 1144
421 538
1265 405
1258 1183
635 9
96 1421
669 788
645 202
717 307
483 140
1420 693
33 843
1009 600
57 382
594 92
1447 8
581 1062
755 949
1365 878
479 785
1007 1170
1468 67
1301 1122
1244 588
740 560
845 613
191 89
710 654
998 303
287 736
1116 29
1465 183
703 385
1109 1073
978 95
826 721
291 1380
1427 830
412 852
362 1260
22 1340
1383 265
149 1152
1378 1355
1474 1063
1362 593
678 1092
224 1447
1442 27
876 1373
258 277
650 1030
629 678
102 1161
162 983
843 378
817 914
1008 216
739 1489
176 329
1317 971
670 1389
776 324
268 820
815 1218
964 560
1381 1077
655 219
297 511
128 1456
954 1269
384 1153
943 851
272 683
114 1292
612 751
1164 1493
63 280
183 345
92 752
773 1379
835 42
1302 676
257 1462
791 56
405 286
1210 1208
28 299
883 584
1373 677
857 1349
734 461
1107 972
450 702
1239 633
444 133
1254 1399
810 456
1362 969
324 1236
1289 1393
29 1059
877 631
645 1062
1369 1093
1018 112
1441 215
990 279
104 186
23 1244
1349 1380
1361 451
1202 1101
383 769
319 1013
575 710
81 1370
327 608
548 1479
634 1290
288 882
1344 632
1318 1168
948 174
669 722
1087 1235
796 534
1066 129
730 180
1019 54
231 496
1153 808
745 717
1230 237
571 1355
896 886
970 835
180 1470
68 734
152 1371
1401 1058
140 1253
1019 175
982 1047
1402 1404
705 15
973 1227
1052 1291
1019 1343
71 372
1010 1294
306 912
345 611
240 329
1126 422
23 331
545 147
249 499
796 897
94 1150
1205 1361
465 797
1468 14
234 901
330 609
760 193
63 1019
1302 247
714 720
1306 366
480 1078
1137 1082
667 1133
1030 956
56 979
644 1149
699 856
1029 731
1175 556
1137 264
293 1336
281 50
370 802
239 53
1304 148
1140 720
720 97
301 150
3 227
1068 322
1460 1075
1181 199
198 402
487 276
1106 25
1474 192
22 1408
1355 729
1415 780
1432 949
630 1493
1395 1067
13 1036
426 1205
1405 1260
35 1054
1416 1126
1373 490
406 472
708 1039
665 403
458 110
229 1041
633 865
225 1336
28 233
604 1103
1292 686
1273 444
1237 750
34 987
1454 1273
729 51
684 803
1097 218
1456 1319
936 1024
532 934
158 464
619 822
1173 213
500 1396
682 878
21 1398
1282 385
893 1098
93 254
548 1063
275 1170
892 809
916 1166
983 173
546 1404
164 1073
331 18
957 938
296 1458
671 352
886 240
488 1399
178 190
324 244
857 707
1459 812
884 581
605 1166
1092 1284
217 1286
379 1119
360 840
877 578
123 604
949 417
62 365
1010 1107
888 178
1376 1164
347 534
606 465
833 1410
740 428
571 1181
560 763
1146 823
829 887
189 32
469 86
527 1259
1452 1051
48 1261
1100 74
680 1474
655 892
70 727
1112 313
788 189
371 1069
550 317
257 738
1435 710
612 377
741 1016
92 607
171 900
677 1297
42 786
102 800
888 1480
230 1251
1271 952
357 1026
640 331
282 623
404 91
712 207
395 500
718 1190
1329 1078
1439 1475
1244 482
1459 370
389 1136
246 1316
1433 125
199 975
348 280
1124 538
124 572
270 626
435 693
784 618
512 159
517 503
1388 732
1255 1371
1317 34
74 1101
146 1206
1459 383
1063 383
1152 1135
1336 1481
40 1224
556 323
19 118
373 350
674 49
1107 840
1002 1083
672 390
1219 788
701 1091
1055 1323
1167 332
1241 281
1201 1148
538 575
598 589
1195 579
486 119
861 1457
664 391
807 699
1123 447
1398 615
1238 1151
828 758
468 452
1273 620
745 235
299 643
382 183
435 9
1102 738
519 417
899 409
798 1266
46 1402
1120 1051
467 1166
1422 864
520 992
1268 397
1223 1149
1443 1152
359 1340
390 653
1152 222
245 1467
579 589
943 48
798 1387
1030 461
489 817
1134 289
1316 37
247 466
789 520
16 304
307 776
856 695
906 58
732 888
888 1401
957 1006
2 1308
272 940
28 314
1103 1326
1120 475
55 151
24 838
885 874
128 666
1439 228
1318 1170
72 734
856 816
909 184
786 1245
87 1015
427 1083
731 299
115 30
723 1347
205 189
1388 1471
968 885
1410 1230
1097 770
806 69
360 211
907 609
1480 13
1202 1466
1448 704
616 1076
103 1494
1211 239
772 1360
249 1319
1019 1237
1091 1076
469 275
1031 1476
716 381
224 444
547 1363
1144 1353
583 791
1169 1117
238 793
745 35
167 95
1433 180
466 1145
373 163
1438 258
851 727
768 958
1291 999
1303 70
711 158
253 1266
1139 1130
767 1487
15 1394
679 1145
233 799
412 1030
966 155
71 508
1105 499
637 1148
1039 899
29 511
507 1038
345 976
135 1395
1281 432
811 1449
251 560
605 563
1465 1421
1150 97
627 847
179 162
1469 79
109 332
403 284
1244 671
724 864
285 1231
233 812
1138 918
429 458
859 271
665 1223
747 1033
562 987
1360 967
436 353
615 584
1012 1452
210 535
963 1267
1477 1488
1303 1372
47 248
903 1401
455 982
1341 846
1253 962
23 1059
30 15
1033 464
1463 277
1192 457
397 748
261 1116
347 402
452 418
460 279
1329 691
1232 795
1476 1384
546 467
954 292
39 370
1159 401
1321 988
849 1407
281 657
47 490
284 174
1282 508
1249 331
504 177
472 639
1377 516
90 79
955 1281
72 668
1101 1106
786 11
249 72
522 1399
696 1286
1422 1161
1379 296
778 830
50 128
888 1227
955 234
1027 110
735 1399
723 113
1439 54
1000 650
38 10
664 701
1039 578
772 234
490 1073
89 729
691 1063
11 1304
66 1011
1413 1
1282 750
107 783
1101 180
736 1479
59 1237
770 1477
484 1120
738 478
175 1304
995 548
1464 1292
1047 186
923 416
358 607
1375 954
932 613
374 322
885 1063
413 1482
655 1244
870 903
297 1307
1437 987
1449 58
83 560
699 792
559 260
1128 417
1109 138
123 861
1303 943
1137 1139
1274 1410
743 956
1357 361
1436 654
1477 1180
288 1315
355 322
324 743
1311 888
98 400
786 508
868 318
598 457
548 865
1162 795
1062 39
382 51
786 629
584 1434
1310 1309
93 1345
1495 308
275 864
10 1347
825 742
1307 903
641 1042
521 1391
505 400
1009 162
890 736
410 1294
1122 39
1495 550
220 1170
1279 925
888 1040
1163 979
764 1270
855 634
464 978
220 123
660 624
475 349
36 945
1032 1435
559 986
1486 851
196 934
108 821
754 407
267 814
1349 95
583 296
1314 1269
714 227
1399 855
1242 346
108 942
488 180
479 589
773 807
1422 987
1457 1210
1405 754
964 1277
1372 348
1327 1100
1449 568
270 1354
347 820
34 360
1486 864
773 928
792 941
189 1136
226 1469
615 1244
420 251
981 584
293 964
666 1475
337 253
474 487
419 551
1007 987
145 1251
1432 227
231 500
1218 1170
698 1400
1099 1478
1261 759
672 1118
1092 1475
1268 654
574 960
830 657
71 605
1382 1170
804 1193
1270 700
919 1116
1383 1479
311 213
968 1008
1021 80
655 1191
827 251
1114 1476
1420 765
1382 244
205 204
357 975
219 516
400 793
54 156
126 1456
983 619
1462 65
1137 268
1358 910
158 1381
755 1142
1405 204
1160 373
561 1276
769 259
776 1201
869 840
79 455
1240 258
786 576
452 1225
1 535
1341 835
746 1443
1007 1484
1263 915
1113 153
237 519
396 512
281 296
1278 1425
175 809
755 1384
144 1230
9 1271
988 1097
463 458
1175 923
839 974
1298 1259
176 401
88 517
181 479
1411 1136
1444 1084
1402 1087
925 1162
987 579
997 1038
4 1048
495 1285
490 941
537 235
564 338
473 479
230 758
703 941
1253 1085
1396 639
1091 528
461 361
289 1072
870 300
178 1470
1162 408
468 751
291 1118
1316 94
1073 336
1455 172
1188 811
770 69
1133 121
830 120
1412 741
606 577
351 1290
531 174
1174 1034
219 316
386 1247
1220 921
1318 1456
573 1073
53 549
1420 457
675 303
983 190
1244 231
583 485
60 444
1121 1292
949 542
412 603
1014 937
1258 1297
442 711
237 1245
226 598
1433 1271
1170 137
1063 11
1190 1284
175 1306
880 304
866 665
1228 758
108 1481
493 1063
1349 755
1254 895
1237 1251
1075 1418
1032 819
281 96
1165 1348
1363 838
843 1297
781 419
1289 889
502 738
106 509
601 488
71 1491
941 556
500 1079
1324 65
412 966
221 1435
897 486
1155 1010
1155 781
1084 312
977 1418
1319 889
658 1143
1076 902
314 1333
1318 664
843 371
1225 207
1395 884
774 271
1288 492
912 1144
370 861
409 789
1369 831
1197 1313
314 1454
128 281
1148 1128
1386 1185
493 150
512 163
1014 1313
556 206
222 818
899 279
1329 1324
730 507
274 227
595 282
1032 1074
531 792
256 587
512 513
801 387
400 43
959 1498
98 415
171 1388
1429 858
1377 439
485 797
488 48
962 1099
900 221
1256 1317
888 921
203 818
924 349
5 308
651 685
942 1157
224 877
298 826
81 74
448 770
396 580
281 364
492 1042
1490 1376
82 649
918 1150
1133 55
393 53
1487 1078
766 527
931 860
193 894
1146 519
1230 1156
72 604
903 532
308 359
657 476
1034 170
894 1099
1491 1089
603 886
1330 1400
1368 460
1381 170
749 1354
252 319
1229 530
31 845
356 376
717 126
400 419
790 79
1349 568
860 1343
1369 1449
1207 1158
930 355
885 1107
1420 1451
1246 66
1364 58
892 1002
492 1297
289 443
280 889
201 596
946 484
388 422
1207 1279
601 1469
186 207
1091 1067
1182 468
1403 1339
405 776
54 24
614 132
5 805
435 389
1207 1400
790 1260
514 130
34 725
590 677
311 1262
163 1364
665 33
1093 480
381 274
661 557
664 74
368 1244
786 1491
402 333
847 949
21 907
279 1431
4 445
616 1201
950 323
256 400
1088 1425
618 1247
1241 206
174 1270
594 395
461 1034
801 1368
49 43
848 662
547 1488
1077 256
261 865
951 1083
994 487
801 92
871 1319
1380 1425
86 1278
77 1458
488 1029
268 760
1336 601
1181 1481
1021 1263
312 803
1027 1014
1091 275
769 261
1307 839
519 1281
1206 1430
755 1265
405 1381
892 1499
983 863
280 339
249 989
1441 142
1014 563
928 1048
477 358
532 819
34 283
1225 517
182 706
1467 279
1422 1031
462 989
181 710
761 1056
872 335
1395 376
598 769
1317 456
1451 1439
515 1000
1440 792
810 396
949 1457
1310 682
990 1266
589 922
611 415
222 1128
483 1169
885 691
740 1468
623 654
893 286
1431 1093
194 19
176 874
1375 703
1492 56
1263 233
729 528
171 1469
986 864
680 1346
623 546
1118 754
1443 285
1383 5
820 1060
536 1072
1015 518
1428 687
459 1054
1051 700
15 1077
1374 1390
434 243
568 1226
451 597
578 372
165 728
1314 1460
1253 1221
508 313
1246 13
1393 706
897 1293
754 719
1312 717
945 960
912 1012
1318 1471
342 667
1039 595
1371 1068
1493 11
295 1309
1379 663
1267 193
489 1360
532 498
609 193
313 1363
1013 313
151 806
711 1143
100 1255
1488 17
920 499
1007 1407
787 1138
813 144
1327 365
532 619
1354 956
1280 24
466 265
1092 727
1479 1136
1014 1302
90 917
85 573
200 560
29 449
961 1412
204 1204
768 1017
1038 612
289 753
1390 542
674 1089
646 1256
1456 78
1411 830
414 1135
868 322
17 452
798 1017
1219 1010
985 843
1384 323
437 220
1425 620
542 273
1395 189
1488 151
928 1211
102 1169
664 384
1229 1324
1026 507
1223 1021
382 176
1108 805
796 1213
1171 336
646 222
23 997
752 618
558 109
630 1446
201 1269
1447 1439
1476 154
865 266
1192 395
1044 268
1009 1442
1499 1306
1461 785
1423 35
54 697
582 816
1148 1493
1165 908
243 1121
647 1211
783 577
430 1213
1029 1047
102 364
888 1273
996 52
1188 747
358 1229
1182 215
631 341
149 826
228 1119
527 1415
1439 1039
621 1050
886 301
426 582
328 1242
183 595
1082 1152
1113 465
913 1343
903 655
1085 403
1054 1053
1217 293
881 344
310 1309
795 1058
330 470
1244 167
743 639
1476 1456
133 1124
57 82
64 1024
972 647
259 711
648 486
1057 462
408 16
349 604
886 314
1404 11
784 532
1221 304
1429 1236
751 126
1303 868
797 242
401 13
1261 871
1452 173
724 1420
223 909
928 432
1191 1300
1459 297
1230 474
431 794
348 1025
365 440
939 712
405 1007
92 547
1076 946
223 1030
1019 183
582 145
1475 951
1117 1243
392 1482
973 1464
140 443
1088 1185
1255 130
90 622
781 476
1001 250
739 250
732 1257
1415 533
358 787
284 609
970 1314
1438 1419
894 538
1422 657
591 271
959 1421
21 1138
315 1090
1387 178
153 1028
320 1205
24 160
593 546
772 548
1434 667
195 1210
415 1442
917 377
430 784
547 1369
435 862
242 733
1307 828
1465 1414
1312 906
305 789
859 143
392 677
1273 197
882 46
1179 269
185 54
16 1036
1370 251
303 46
186 464
1139 318
411 811
1364 436
885 438
1115 1129
494 287
1316 890
1032 1131
956 318
883 742
248 231
1241 221
12 1452
148 64
698 733
627 264
515 989
1492 971
1202 909
1271 1268
1065 611
745 404
1089 968
418 46
968 678
964 973
862 925
72 311
1329 576
1098 909
217 1160
745 296
428 1343
622 162
1410 915
720 468
73 886
169 594
309 116
223 830
536 1061
1050 1282
377 250
363 352
1041 1462
1416 1376
665 653
434 3
208 185
1195 64
1131 345
859 640
632 1415
313 881
171 1471
1270 625
136 430
210 1133
3 840
536 1303
1327 112
821 240
1175 472
1101 294
717 1351
835 818
1220 1154
1110 1282
819 581
578 1421
797 1236
43 1262
514 884
1474 926
635 356
760 1290
925 603
1054 1242
80 1265
1487 572
690 965
29 1485
1235 765
246 22
1068 359
63 1069
113 432
149 89
1066 1481
847 656
184 312
1170 1309
285 98
1109 1299
50 497
1132 236
662 1253
1357 354
825 493
883 434
833 842
948 829
1280 1302
222 688
1355 429
730 606
1227 1412
600 267
1460 1125
1441 883
38 500
1022 899
1361 1119
1405 142
245 978
61 1157
1240 1243
1460 1246
35 1104
19 342
1218 666
1380 1253
700 740
1486 1420
789 260
149 1391
1236 1474
381 465
596 390
563 213
523 1043
946 1146
1278 424
25 803
61 460
732 399
88 334
575 452
557 812
54 457
1496 502
1248 437
688 743
1436 1131
1128 786
1437 80
627 211
205 976
726 1385
26 479
416 930
1348 1139
507 294
572 689
856 448
1210 1205
1176 803
1157 561
937 1046
188 928
1226 920
1205 43
530 399
196 1048
1196 1391
88 468
1043 166
1139 628
953 1404
1460 683
784 171
825 172
1432 1375
250 466
386 1293
888 228
796 639
856 690
978 121
264 549
429 882
349 364
268 1193
49 597
596 995
1494 159
1170 1001
442 299
903 657
1107 164
129 482
1237 1176
168 144
25 361
1138 645
568 1283
678 660
62 428
1476 640
1491 1443
956 870
1104 768
758 131
1291 860
240 434
498 729
112 1188
994 344
1156 177
715 663
439 536
76 447
260 1022
304 311
1118 824
952 1286
420 1425
1139 1112
377 560
234 777
211 1022
1288 417
362 1191
904 1245
315 850
953 612
1197 1238
1350 248
529 550
584 1240
140 1492
1489 1346
446 781
288 195
1121 196
1024 263
793 596
449 557
753 1197
393 662
933 81
950 1482
1416 989
1090 1004
308 968
8 676
393 1012
154 501
1138 900
472 1076
581 1248
560 371
1343 1305
231 1098
451 1138
666 797
898 137
220 1205
485 493
822 1310
1426 256
1204 1375
1009 1136
663 499
12 1212
1099 800
847 27
105 622
748 1482
1426 377
398 1103
324 925
1490 1301
800 854
1011 1303
244 407
419 1162
264 1288
431 233
749 1037
1082 725
958 164
414 37
1329 336
687 1098
544 1049
315 1226
912 1216
301 1328
244 757
385 467
345 1334
959 739
367 864
403 521
847 40
1024 868
451 1272
1258 806
1473 731
75 692
1090 441
1374 1139
1276 567
164 131
1468 737
921 110
1485 152
912 519
549 467
825 1045
219 1235
1329 578
580 985
400 1283
221 1052
701 457
601 1044
1491 1256
768 632
1268 689
960 573
1199 855
645 1235
960 191
1369 1266
1424 973
1319 1445
890 1268
269 655
200 67
100 883
731 457
1374 563
1406 1040
323 1305
1304 763
328 1420
212 1474
668 293
1127 578
484 886
964 291
863 882
323 1197
626 417
1452 230
290 202
806 1287
1233 1354
970 1129
390 1308
744 1311
773 63
952 65
585 766
616 79
258 142
397 1469
829 897
880 1357
603 1308
441 492
386 556
391 900
845 841
605 600
643 892
1013 425
132 676
550 664
1484 10
1422 364
62 617
1325 431
688 1308
301 81
1079 900
996 377
739 1475
720 1196
525 728
659 728
533 323
1495 182
588 1427
788 320
817 1021
935 1242
88 94
103 860
1292 496
636 865
1282 1471
377 870
480 325
180 33
192 1319
162 393
1208 209
1323 950
382 167
847 203
909 852
463 277
633 917
1044 488
245 283
873 377
1334 735
695 519
1250 1266
73 701
1195 576
960 1433
1495 545
713 509
1036 1199
759 396
874 1100
437 116
1168 1089
772 860
757 1225
1374 376
787 579
387 874
1108 1159
46 581
1166 117
720 525
1155 453
716 1049
444 361
337 235
1319 561
956 509
553 533
212 240
811 828
979 641
593 1100
459 871
137 820
476 286
1171 582
338 581
1217 1452
960 520
1223 1388
270 302
929 941
1438 1047
385 777
1169 630
1499 276
1457 508
886 1473
1245 625
451 764
652 754
17 14
1156 287
1051 759
588 998
1209 1345
118 554
1052 1398
126 149
1146 996
366 1070
524 195
580 1295
456 963
1414 703
834 128
1276 998
952 349
1033 1240
484 15
434 423
1019 1342
1499 518
356 732
1091 952
517 1360
1329 1009
778 1135
392 1365
588 1011
798 592
389 1067
1191 257
530 777
628 1312
196 1426
20 675
194 562
254 613
23 680
353 555
821 660
933 901
672 308
568 1419
843 1358
1429 664
601 778
546 88
1227 1240
348 103
1495 237
275 1022
1390 709
239 1328
1230 720
829 147
834 491
1109 430
346 673
669 1326
130 1314
1355 607
460 960
881 953
1352 309
1460 1303
1288 553
233 917
770 856
250 1086
329 1150
62 1035
711 1215
975 1261
474 979
59 737
605 910
1453 253
61 517
223 350
756 1079
167 684
76 1054
1368 145
616 281
1428 196
940 607
1069 263
402 702
355 856
742 1036
723 794
685 502
117 984
669 1460
273 1460
68 533
83 1336
675 982
983 1098
838 451
1151 682
275 1277
181 595
828 931
604 1452
303 292
631 1326
1040 33
1317 570
78 1113
981 621
41 1460
1077 854
1161 1491
991 585
1154 54
983 172
809 1039
882 763
911 269
629 1108
1188 806
1243 742
197 431
1198 218
1203 333
291 1234
280 587
887 999
6 1250
119 1127
1135 283
113 1349
853 1122
166 421
814 1396
542 708
717 1463
660 929
944 459
13 593
892 3
1279 412
508 306
1468 1102
274 893
1485 517
1468 873
1058 709
545 1127
1114 1284
1054 1004
1429 127
671 714
1409 643
1199 1099
1450 186
161 1366
801 6
402 260
276 1353
255 772
938 11
327 86
287 724
1434 592
947 999
654 1420
826 709
308 1012
1348 296
1007 3
1060 1061
937 432
713 953
1118 184
886 615
249 1492
911 645
546 961
1301 305
1005 1475
1460 69
69 743
493 24
1396 1252
864 425
957 387
144 1038
431 277
454 1200
1261 17
165 1097
753 1496
467 1139
1133 734
1045 621
52 402
186 631
698 779
63 268
1062 1204
69 985
972 264
108 684
459 1436
624 978
88 446
341 397
1115 20
1301 439
1084 441
509 210
841 683
703 978
202 467
96 980
177 639
677 962
308 341
277 991
1088 681
21 284
100 577
592 1268
1041 340
1227 732
1074 1456
611 234
1089 1027
1003 758
1097 622
1432 1137
14 1412
568 803
46 1401
322 747
286 1053
592 342
481 245
489 106
1203 1435
274 706
545 940
1192 522
947 691
1383 1221
249 1063
624 186
412 532
114 838
790 1121
578 1467
996 1226
1438 110
1013 1395
194 309
538 119
1203 509
152 83
1189 574
1285 53
868 933
756 463
114 959
172 671
1295 448
1025 587
443 1400
947 933
413 474
611 718
509 707
1019 1452
296 599
1041 716
1402 695
693 235
908 1355
899 74
1195 136
181 1026
1285 295
572 130
1298 759
274 1190
86 1139
846 598
23 790
465 906
746 138
1222 67
1394 1113
298 1439
1053 820
163 1480
1094 592
1347 772
304 436
758 377
424 1026
1184 714
69 798
991 90
1097 1240
1324 236
63 1020
1220 1347
1347 1122
650 965
1178 1350
1467 958
212 739
783 262
614 490
454 1255
627 1183
486 1207
1086 714
1215 1353
1177 832
1001 606
56 1101
780 378
73 516
213 267
435 868
1119 1012
589 783
286 745
676 442
1235 140
700 799
1240 255
1157 486
157 1045
13 1037
1011 139
434 1030
107 406
542 334
184 626
646 391
665 404
348 697
310 176
330 1094
648 171
1339 1257
52 820
611 289
645 1334
927 37
710 268
376 917
106 1056
1238 158
1170 926
1206 620
228 1167
815 469
460 507
948 1264
757 464
1028 469
752 800
1445 1252
1278 846
710 1328
1040 974
728 1116
1354 575
1180 459
1102 1034
870 1465
462 179
1429 1163
1138 462
780 754
975 929
629 63
508 1463
625 587
1428 911
321 590
209 120
697 877
370 482
590 485
1309 172
168 1250
818 349
1124 392
675 300
1222 698
800 1463
268 1373
1298 693
448 257
649 18
549 834
1388 586
732 1184
116 723
1234 119
317 713
1377 1107
811 201
1246 358
807 1479
693 182
782 897
424 1189
474 552
637 21
594 1371
487 1245
1474 932
1353 871
1444 989
1330 658
595 1192
1000 194
817 1012
256 450
828 612
1457 820
1498 592
572 1366
914 1066
381 337
1497 1121
201 901
886 738
1072 1130
1407 1120
266 212
404 442
846 558
1374 943
567 1143
1195 675
1243 194
205 498
311 628
1481 251
1071 87
1183 328
949 1144
410 341
150 1205
666 38
631 1249
634 1254
343 324
375 276
1175 1083
628 456
458 1442
375 1444
356 1165
1287 277
1474 369
1019 957
687 218
437 1275
999 749
1339 1083
967 1440
1428 603
1480 793
728 929
695 752
784 43
1365 1486
477 529
1308 457
554 749
246 633
917 572
743 1439
1385 677
793 1031
1448 208
678 1458
208 1280
896 863
562 1283
12 816
1164 799
331 303
425 1399
1445 31
127 244
209 54
216 767
1176 809
207 1176
1294 1030
1122 280
1118 575
171 472
934 1397
77 19
643 696
1221 407
973 1096
1100 117
1086 219
40 891
334 1109
76 319
339 1187
1273 45
1156 1217
334 62
1175 412
1023 809
35 668
487 11
989 1161
254 712
1260 1166
1091 125
156 1079
1238 589
12 1071
1044 989
631 591
459 70
438 1179
1121 418
1231 586
1489 1110
534 658
1392 1406
991 79
552 1429
1410 1231
516 954
822 243
1290 348
1451 710
67 81
1063 76
1137 25
882 1196
1139 300
1412 1398
600 1254
332 1439
1183 262
200 731
973 654
1243 249
1255 1306
1260 603
952 487
1062 93
436 1388
141 1440
63 325
1121 673
823 1016
491 277
862 678
265 459
461 105
911 836
164 1050
129 275
1287 561
327 290
1327 899
1093 732
1272 963
895 976
1261 545
125 277
727 611
6 60
815 229
997 206
1494 1012
916 1035
1430 1256
127 57
1259 1374
187 108
1112 1095
618 331
1113 273
77 650
212 286
854 278
575 634
333 283
305 221
632 350
1413 915
645 60
686 815
1288 920
419 242
1145 117
1358 1393
501 52
400 1397
207 1231
114 545
375 815
442 576
807 997
590 474
208 180
777 566
1172 1095
1478 384
616 648
930 515
911 273
701 463
1468 1093
1215 684
50 1176
1435 687
53 656
600 1054
261 1359
908 941
128 12
61 776
334 117
957 1062
228 364
1171 762
679 825
1069 980
205 1400
663 63
189 143
390 133
344 202
973 1393
1449 1093
871 1116
117 654
119 1252
1328 803
712 305
416 1475
58 1013
846 305
663 1352
1351 706
1469 927
1023 1106
949 891
283 313
1083 891
720 839
1103 577
31 1260
760 1406
1410 239
1038 367
1067 1068
535 241
1111 1340
1008 424
1214 529
1417 363
773 69
1160 1232
1466 521
910 303
1331 296
965 1407
1013 660
407 621
960 16
1168 948
1247 1012
660 249
190 1266
1332 1056
697 545
1349 996
647 724
870 207
665 1266
1153 532
1282 417
1177 889
1041 1257
456 338
1359 142
932 38
1497 1244
432 920
199 160
1403 599
200 799
1444 1125
475 1263
872 145
958 1380
1462 1179
106 871
1384 1488
558 214
754 1092
623 343
1041 102
475 216
1099 43
204 396
677 845
350 450
11 984
883 913
1351 264
496 918
1327 846
1358 159
647 1087
148 1403
96 1213
55 1175
1256 148
270 871
1421 215
834 684
273 351
302 823
847 1377
313 689
920 1101
823 1434
166 1164
50 989
898 561
1297 795
22 890
906 156
1164 680
751 1036
1143 328
735 274
109 751
799 932
620 1226
205 984
1242 455
1328 495
462 1283
64 190
1492 337
800 1278
1237 1279
406 1122
8 66
68 834
1367 113
596 990
324 531
1225 1161
289 1247
423 244
740 594
597 582
426 929
35 549
334 1111
1091 824
1393 866
1388 522
130 823
1110 285
1158 1228
96 421
156 960
1040 226
1000 1056
943 293
1342 527
65 24
442 536
958 830
466 893
463 70
304 1245
183 1184
806 180
1229 771
559 1471
1095 1185
479 953
900 946
924 1074
165 1022
1371 302
672 1469
992 427
873 1230
1480 1413
1240 1172
1412 232
343 1186
778 323
1191 492
831 186
1433 520
146 83
1225 1308
533 492
777 889
223 1269
1231 1059
1169 181
325 499
980 430
957 675
249 854
729 30
161 741
1190 425
1102 541
431 336
1415 772
73 399
623 277
1091 382
769 368
1175 790
975 436
908 446
725 1493
951 264
611 1098
31 523
690 1391
34 40
555 1203
1002 431
71 1090
1026 559
1031 903
752 1488
444 1335
547 790
893 1198
1262 506
260 467
516 164
617 216
374 983
592 159
112 754
911 141
1496 794
364 1463
959 855
1115 1139
495 1394
583 231
1080 1266
1037 401
818 1266
1311 381
363 1396
1491 1022
971 986
1153 963
103 1176
154 175
881 1443
113 1342
1403 1259
1218 1213
192 588
453 363
563 760
554 940
342 761
1457 448
1385 1097
359 701
672 932
498 1008
1110 111
238 825
759 2
1465 164
166 656
973 227
190 1013
1422 1285
42 886
1186 1274
1211 284
29 1361
344 433
1357 338
1274 340
962 482
405 1059
1021 1062
1015 759
672 356
503 318
1444 872
995 780
1468 1229
387 372
879 834
1011 761
1120 896
533 1365
841 1252
450 1367
364 95
417 1190
718 364
602 418
755 1414
1178 1288
488 1070
1264 1291
1104 1073
1386 5
1472 1240
61 1262
1062 1076
68 1386
756 1006
897 716
737 498
632 970
148 103
1483 59
1173 1294
1020 786
1157 1471
1353 1117
1036 1181
30 757
323 750
106 752
190 1389
926 491
1000 440
124 1035
1423 1297
843 493
650 327
880 789
128 1450
1308 1495
420 804
888 909
1287 389
1027 21
139 1050
741 1384
976 204
1344 142
857 512
1485 1020
965 725
817 332
473 522
918 909
1300 974
1248 784
95 576
683 517
672 624
405 509
312 52
1311 1254
1478 199
1268 618
743 504
239 476
1136 435
1212 982
1477 499
1155 448
1445 1190
1385 910
1324 671
916 1334
30 1241
775 1395
976 1385
1223 1262
578 63
464 981
1386 502
352 474
174 882
384 463
585 453
1337 1283
1024 234
1473 97
492 1164
602 807
132 363
934 233
474 477
575 1054
93 1014
670 1062
86 1011
590 773
1178 980
1422 1340
1198 400
1277 693
513 297
1268 873
91 308
1444 806
688 1466
1011 695
268 385
711 137
1065 1160
182 547
564 649
256 267
1401 476
86 1374
1208 17
29 611
683 317
494 152
1414 1290
994 704
853 728
314 450
792 260
840 8
303 32
938 314
814 773
175 557
601 894
1043 1010
1492 836
540 389
899 1490
1188 1364
795 386
1447 312
1438 721
552 628
343 491
331 1154
88 1433
9 93
1310 199
382 338
786 687
1042 613
524 687
782 1211
116 1387
152 1044
780 384
501 969
454 1382
311 808
1178 659
851 264
823 202
1057 140
254 1213
507 1393
56 1228
35 122
291 48
1416 423
857 459
1238 1319
508 1214
966 631
1342 1147
605 1268
194 236
746 978
388 1270
1298 1491
1076 624
1017 1212
1373 618
173 69
207 1114
23 1293
1366 844
1075 106
1398 796
233 1288
1401 276
1444 1437
957 1053
318 1332
781 1093
506 888
22 21
1020 1109
72 781
1135 49
59 290
1100 1223
1179 55
666 473
397 285
944 683
151 781
435 311
335 373
216 1176
1111 860
1496 930
1439 396
370 596
1398 1038
1124 277
864 1104
859 760
883 1117
482 19
289 378
1142 294
1133 474
1415 1392
720 830
1320 337
994 1335
1491 1387
1062 944
129 776
399 371
336 22
573 1426
1371 1406
512 1187
362 196
842 833
945 251
625 835
1445 345
249 1487
70 24
677 473
1026 361
484 78
351 946
447 1179
1081 1465
771 256
1239 361
442 17
1139 1177
960 946
5 982
598 1496
164 975
914 12
279 1487
719 1493
91 618
301 199
886 852
397 661
1439 772
778 501
630 374
673 744
277 744
719 796
359 261
768 200
1306 778
1364 719
906 1073
440 105
309 854
1235 1019
52 639
965 606
1003 861
1032 138
1169 372
936 1073
1275 502
812 1266
645 106
856 555
118 1343
567 452
1451 206
840 318
267 685
1223 1251
1493 617
1064 440
1179 915
1208 1387
172 532
158 634
962 1331
1306 912
605 47
1157 789
474 1284
1463 566
1191 107
69 1464
363 1453
120 234
261 1405
171 465
704 699
265 63
253 763
675 1166
1305 515
1489 1090
157 651
1100 1049
1208 582
289 541
1228 1500
1171 929
1369 1210
445 825
610 1158
1344 628
1011 684
853 246
901 1226
696 299
1298 633
267 122
771 1116
915 343
853 1414
1109 1111
1033 298
281 1188
749 539
1172 1167
855 1231
902 525
931 1226
267 14
599 487
318 474
953 719
1290 112
142 248
406 1489
110 444
1106 934
192 1008
383 310
1064 708
938 303
1425 421
640 609
514 12
1396 363
650 21
669 34
932 673
1205 768
484 254
511 845
621 488
24 498
1183 1423
790 674
630 1247
26 49
621 1427
853 730
720 1369
460 18
1439 827
1375 546
260 1384
337 850
213 1080
548 1033
188 727
1420 999
983 961
533 1435
149 506
1465 1415
773 370
1150 91
1328 1117
1044 1358
753 620
815 1269
768 1423
1308 613
1280 551
669 397
1118 260
1260 838
24 861
406 926
638 266
1006 1187
1133 1147
666 220
626 1087
783 741
645 282
1285 908
834 972
894 1023
791 107
70 347
1403 82
1327 1255
821 1154
196 1331
638 1447
1254 1450
13 1395
802 94
14 536
616 870
504 171
1061 1028
973 1144
1434 1273
668 279
620 1285
150 582
852 625
1210 333
1011 389
1114 1268
455 171
570 875
358 467
537 698
390 1173
617 1401
352 652
522 575
575 172
95 767
1299 1435
1206 978
62 361
1170 1284
519 11
1002 919
400 356
964 398
568 169
1491 329
1431 49
550 300
1023 749
61 72
49 772
712 1116
849 596
1093 1222
771 1171
642 1286
1008 1114
868 57
546 6
1267 291
167 1178
938 1055
291 1473
506 1361
889 116
658 183
692 999
1485 406
251 1293
1452 229
397 1347
975 1058
209 1296
1109 1058
286 1250
807 427
1106 989
30 506
1282 1336
592 889
363 837
270 609
1027 588
844 1110
539 770
575 427
826 948
98 1441
1321 890
266 1254
1276 1413
1224 994
1014 1413
840 65
2 686
831 245
1218 425
625 1308
1449 294
833 25
1079 1249
705 779
202 1390
781 774
332 682
232 1498
328 1206
884 1195
1304 320
1016 1314
759 1429
1308 439
325 908
1404 901
1039 251
53 220
1125 1257
1023 1475
913 849
1291 243
117 1144
967 1314
1249 246
1107 1065
881 1018
652 1195
586 575
355 679
930 92
54 687
1339 31
568 908
563 564
908 976
1381 1425
600 860
834 798
206 1229
622 1144
802 28
360 878
1111 783
657 347
1414 555
1321 98
25 107
288 975
431 529
702 1029
256 942
517 1212
1026 860
749 57
372 336
1108 1158
435 355
777 1324
782 1402
1138 283
40 765
1162 1394
254 465
428 352
171 467
1038 52
1432 208
690 766
671 524
323 1238
1098 39
697 927
962 178
1225 1046
1452 42
1087 1341
1291 848
1203 735
826 748
583 761
1397 1274
695 1002
593 1220
113 354
192 647
818 1338
1465 920
1014 984
1105 348
1024 359
265 307
1180 872
920 1470
295 186
904 1462
1138 646
81 671
1091 1059
855 294
939 931
688 1349
650 10
996 418
574 1183
204 189
434 651
628 1419
1225 1180
347 1177
570 1185
883 598
685 125
819 1108
186 441
828 433
1297 1406
1337 953
108 723
1460 1289
1357 410
117 728
1079 136
259 1306
271 377
390 328
165 1149
1265 942
570 151
1375 319
1194 244
776 256
581 1478
1338 1420
1231 1294
799 617
1351 1130
671 1371
994 829
1302 945
259 380
1467 258
920 1028
524 799
455 965
1346 907
568 613
296 154
485 844
647 88
881 26
337 1094
753 514
1105 148
960 1487
1417 908
1264 437
1293 1138
1016 335
1270 1420
88 511
1158 684
784 214
271 632
1303 779
460 1322
797 153
928 1390
124 1107
977 794
994 963
1232 1020
627 388
756 273
1446 454
1413 1031
1451 1323
1129 1272
838 571
91 1051
1237 51
287 468
433 522
515 295
119 66
1373 851
215 299
100 992
1357 1257
911 1436
765 1116
422 225
61 771
1260 1095
1412 146
106 1416
1169 684
816 300
602 48
1435 803
567 993
61 892
1315 1152
878 885
1211 277
416 531
980 344
952 282
1425 236
857 947
1087 1409
1171 60
368 1170
110 380
839 526
462 539
811 198
1272 758
1139 1168
1175 596
1278 51
1267 1353
580 652
464 706
1094 644
734 72
749 609
735 711
597 1006
1081 530
1387 573
150 960
1180 14
786 612
359 1299
703 843
83 1135
981 70
1110 709
241 31
578 848
701 1184
491 1374
162 152
1115 6
447 1304
963 137
63 146
1050 25
1289 307
667 260
1045 849
768 83
348 1446
169 1215
321 266
741 1377
601 845
1156 1067
7 106
1338 549
460 317
941 95
1073 22
70 1330
51 297
271 566
275 1439
609 561
509 1377
612 41
567 564
1114 962
736 1275
1042 564
546 626
384 335
1182 315
301 566
824 570
80 826
1406 962
387 983
299 870
1438 914
1410 1081
25 109
981 675
1155 562
552 3
613 1447
811 937
1475 917
888 1386
270 290
430 279
1108 1160
1075 1212
443 218
221 1337
301 808
289 1471
994 1260
870 470
1021 868
451 752
1005 106
716 232
353 180
1296 578
1084 1153
1084 924
597 577
382 652
304 1227
206 655
904 1222
362 939
508 239
1060 981
258 293
593 283
517 1227
1035 924
575 1168
1413 52
938 991
98 1243
445 1058
25 472
319 424
1330 697
709 121
788 1168
1008 1400
180 531
999 1351
168 1194
825 1464
307 306
682 1415
914 755
1060 55
1110 401
1423 861
165 896
693 1281
724 365
1095 12
78 1422
1000 1172
1463 933
17 1412
1094 807
332 255
1261 984
589 1345
1124 457
982 1276
990 871
448 322
948 874
777 992
221 545
196 717
1056 1346
808 1244
739 1410
362 1423
843 1467
1256 882
1187 1011
734 248
284 951
1182 115
1488 1124
89 446
113 840
1171 1417
789 1123
407 1021
1023 1290
32 1144
1348 821
766 1368
733 1191
198 618
1456 125
463 1367
7 1087
843 1359
447 1359
1171 370
516 146
247 1190
173 975
126 634
938 549
1296 257
129 151
456 280
557 1086
442 89
875 614
756 1188
1344 1358
659 1255
1287 558
519 686
51 352
529 916
769 605
1013 1194
1120 1091
825 914
1265 1186
632 1273
132 398
687 162
1177 26
1225 740
1402 144
1099 335
1245 426
1284 1320
635 911
36 57
781 965
1028 805
486 522
1212 1151
403 524
310 296
1077 963
1350 748
250 632
697 1092
1184 1210
770 1341
424 933
176 868
697 45
793 278
1445 204
132 532
285 774
1093 1213
945 1049
1053 848
1156 1498
251 1163
639 979
1399 209
1464 567
968 1154
710 401
305 581
227 890
800 294
404 65
166 422
451 1049
189 1308
120 1474
1202 459
674 828
1465 1098
1243 985
481 433
589 232
678 947
1471 583
1431 1450
1319 751
1026 1401
489 1462
1312 940
355 415
1260 521
1026 354
1315 228
1060 1399
1282 51
1392 182
1070 131
791 716
1209 475
414 766
1396 301
840 874
281 1139
146 1180
332 1370
1183 193
314 269
140 382
1416 1155
38 371
1490 875
1163 480
596 598
97 914
65 1376
1331 1461
1219 991
456 214
1428 1286
972 252
835 1415
589 716
446 142
1430 1066
1330 1128
1240 417
268 1038
433 1371
1038 956
465 1323
983 1020
518 957
764 195
665 1384
291 1143
532 37
1479 554
386 1151
109 385
866 327
582 568
432 1038
902 1189
322 614
332 807
1493 839
1257 599
118 289
1336 892
969 1364
1223 197
22 766
1305 495
25 1037
653 340
33 632
1241 510
726 330
979 510
428 1161
30 297
916 161
305 273
609 684
102 587
795 810
1395 317
806 151
763 1272
1277 1493
260 880
1430 503
733 575
719 1165
503 1052
501 225
831 625
46 813
523 472
1295 1483
4 1341
1439 215
1495 790
1364 41
126 957
1307 675
505 1219
147 1245
1007 154
207 1296
549 996
1266 1051
1467 812
291 1411
652 636
566 1350
1213 932
951 932
49 831
954 937
73 1188
1334 175
1122 750
590 660
567 1171
1468 111
661 311
308 947
817 1053
612 1358
911 688
1133 535
252 786
947 116
1100 358
1229 997
112 483
1079 6
857 1125
1078 47
1384 1285
406 1374
1032 870
1326 1051
705 475
541 1010
1279 710
732 83
162 196
1416 981
607 317
634 945
1379 1062
938 1356
752 183
922 594
938 538
1191 489
781 591
712 720
3 1492
271 260
1482 638
692 253
494 497
124 735
1478 933
1180 1239
574 1429
414 16
37 29
589 771
355 604
169 1380
1048 302
778 441
248 212
1017 723
160 99
371 548
569 38
16 91
1396 490
35 104
1492 952
1051 1475
792 497
676 551
836 274
660 543
1333 1080
142 617
1023 366
1451 1072
1500 668
619 690
337 977
1448 1417
715 334
983 1317
274 628
740 1101
1156 1016
400 215
1446 1492
405 330
551 613
1268 668
1318 31
280 564
187 107
235 1050
1484 1491
446 1270
604 624
191 751
17 864
1333 504
1004 1268
1384 735
1329 799
921 1499
859 621
1317 681
766 807
816 170
915 149
73 62
205 218
620 231
907 1456
1497 504
515 1346
181 9
1473 1315
623 650
805 627
593 219
1467 746
345 642
1220 88
779 345
435 306
379 640
792 55
1260 160
1199 150
887 292
101 137
207 304
983 525
415 1007
430 578
808 938
985 342
632 941
921 815
85 314
591 1354
1112 531
1074 10
993 1105
222 1487
552 1362
244 1246
605 471
1391 1380
63 942
159 879
1174 1153
1468 1105
1091 1118
1113 877
1297 1223
1412 1210
221 710
505 240
875 1234
138 712
620 715
155 127
1461 1331
647 589
903 249
1303 1159
54 196
286 1485
342 74
1137 308
151 1260
1013 538
1499 926
1199 405
1453 1224
1183 316
281 444
1273 475
1080 834
422 834
1308 432
1375 1425
1156 829
517 613
635 834
878 326
267 438
828 734
332 796
640 683
393 25
1396 666
1267 781
1031 16
779 963
590 44
1264 483
240 160
1286 242
808 1435
7 1386
308 560
483 1086
156 691
1365 1474
264 1456
1444 306
1087 971
83 334
1411 1297
14 234
700 976
323 1218
197 584
1358 387
114 586
409 211
894 1192
221 160
1108 1380
1068 32
674 630
445 807
775 453
1055 736
871 686
1058 741
1044 843
1140 322
1035 794
1012 1039
289 186
390 992
614 1151
722 684
1443 215
825 1334
512 874
319 1462
415 1170
394 64
1024 2
220 702
886 297
338 694
1083 582
747 862
675 1282
1363 865
346 289
69 1472
772 397
1080 284
1245 617
166 587
565 821
152 423
528 939
1302 333
472 1044
797 346
274 1059
1375 57
26 957
1130 226
1357 1208
171 823
1310 1096
1433 1432
98 1247
457 362
305 759
295 71
351 875
875 1289
102 844
845 1117
1460 1161
930 703
484 357
121 305
847 934
632 1009
1062 68
1482 398
88 1067
875 363
1150 73
411 902
1280 1351
194 675
598 499
197 155
1069 350
183 257
1313 481
1442 1120
554 429
1414 1287
397 711
202 1438
888 948
747 1009
248 93
898 1407
1483 111
337 845
674 201
303 1197
638 1187
1068 771
1272 12
745 266
84 786
