200 300
1 150
2 99
3 100
4 50
5 100
6 75
7 120
8 140
9 110
10 85
11 30
12 45
13 60
14 135
15 155
16 80
17 95
18 170
19 25
20 190
21 160
22 115
23 70
24 40
25 130
26 55
27 180
28 105
29 65
30 175
31 20
32 165
33 10
34 125
35 145
36 5
37 185
38 90
39 35
40 150
41 50
42 75
43 100
44 125
45 150
46 175
47 20
48 45
49 70
50 95
51 120
52 145
53 170
54 195
55 30
56 55
57 80
58 105
59 130
60 155
61 180
62 195
63 40
64 65
65 90
66 115
67 140
68 165
69 190
70 195
71 50
72 75
73 100
74 125
75 150
76 175
77 200
78 125
79 60
80 85
81 110
82 135
83 160
84 185
85 36
86 125
87 70
88 95
89 120
90 145
91 170
92 195
93 200
94 45
95 80
96 105
97 130
98 155
99 180
100 200
101 130
102 125
103 90
104 115
105 140
106 165
107 190
108 115
109 140
110 175
111 100
112 125
113 150
114 175
115 200
116 105
117 250
118 125
119 110
120 135
121 160
122 185
123 86
124 135
125 200
126 145
127 120
128 145
129 170
130 195
131 162
132 145
133 170
134 195
135 130
136 155
137 180
138 128
139 130
140 155
141 180
142 200
143 140
144 165
145 190
146 77
147 140
148 165
149 190
150 150
151 175
152 200
153 200
154 180
155 200
156 175
157 200
158 165
159 160
160 185
161 210
162 200
163 165
164 180
165 200
166 190
167 170
168 195
169 180
170 145
171 200
172 195
173 140
174 190
175 180
176 200
177 130
178 200
179 180
180 200
181 190
182 200
183 200
184 115
185 140
186 190
187 200
188 200
189 200
190 200
191 200
192 200
193 150
194 200
195 200
196 200
197 200
198 150
199 210
200 135
10 20
15 35
25 50
30 70
40 60
45 90
50 100
55 120
60 140
65 160
70 180
75 200
80 35
85 60
90 90
95 120
100 150
105 175
110 200
115 50
120 85
125 115
130 140
135 165
140 190
145 30
150 70
155 100
160 130
165 160
170 190
175 40
180 80
185 110
190 150
195 180
200 45
5 55
10 65
15 75
20 85
25 95
30 105
35 115
40 125
45 135
50 145
55 155
60 165
65 175
70 185
75 195
80 25
85 35
90 45
95 55
100 65
105 75
110 85
115 95
120 105
125 115
130 125
135 135
140 145
145 155
150 165
155 175
160 185
165 195
170 105
175 115
180 125
185 135
190 145
195 155
200 165
1 25
2 50
3 75
4 100
5 125
6 150
7 175
8 200
9 125
10 150
11 175
12 200
13 35
14 60
15 85
16 110
17 135
18 160
19 185
20 110
21 45
33 77
89 101
