1500 8000
920 1021
946 27
1229 315
1468 597
673 97
1032 1464
1361 242
667 319
144 278
412 1490
1315 769
969 132
1443 954
417 558
797 25
498 1449
838 322
886 1036
1020 33
99 1151
818 84
460 376
957 916
948 1133
882 513
419 1277
324 451
866 505
601 1025
955 1257
1389 731
1184 33
392 1036
490 110
1257 777
1336 1070
1154 1093
749 1273
816 280
1272 1314
1347 441
796 567
214 1114
924 981
848 205
184 979
822 970
588 803
225 751
510 1378
1391 898
240 1288
1496 914
202 767
272 45
1491 1250
1415 437
534 688
1236 960
61 764
448 1173
523 529
1392 978
561 821
168 72
949 637
150 698
367 1221
293 1006
504 1455
1309 162
161 298
584 926
112 1345
1106 742
762 932
1258 1284
337 645
862 1284
1237 178
1493 104
727 1096
1484 1038
47 1071
611 884
1454 112
253 129
977 1392
855 234
1304 289
1190 224
1403 1500
1176 289
405 937
694 774
675 532
1158 1174
88 183
444 1013
29 771
626 761
1287 12
731 814
1314 640
679 129
183 191
400 714
885 234
9 829
623 197
541 1067
701 1056
1384 295
99 722
1155 997
1185 122
968 353
949 74
636 846
18 733
842 1180
28 963
961 350
1109 248
305 948
1354 15
175 838
192 253
851 1121
1460 182
854 897
652 1177
1249 1167
377 972
1316 928
339 451
514 1472
607 1434
542 487
151 107
345 1141
627 73
1210 128
784 1188
1114 834
665 1496
940 1472
1168 1299
851 1363
1154 1135
1336 883
969 1355
988 1368
1103 123
585 197
1161 1296
1064 1363
1083 1376
916 1199
1466 1114
1428 593
764 1367
910 667
627 315
791 157
321 1440
1310 722
1408 1028
1086 1014
1251 1310
1390 193
1187 1325
710 434
775 563
737 42
1248 783
1482 950
1402 432
267 1032
1425 1318
236 1453
55 358
132 578
675 1271
494 701
1253 201
1255 799
356 1410
496 1161
1112 1393
866 694
453 296
604 694
755 863
636 646
1491 1197
975 866
811 1172
1399 147
210 245
762 987
146 755
362 1282
1012 115
442 753
304 294
606 632
683 61
1362 615
1138 870
725 1226
603 68
544 885
681 402
185 723
648 484
253 1123
494 17
471 299
147 1370
1282 218
1036 751
371 297
851 705
1253 685
1198 749
895 482
917 241
913 765
1283 69
859 236
141 1188
48 960
1438 586
510 533
1451 1050
1468 465
877 1229
1035 354
1257 1221
61 148
1045 547
162 200
1438 478
424 1368
620 1014
1253 698
1275 191
1269 642
975 195
1090 182
508 729
360 565
616 491
1012 491
875 1425
775 26
224 906
310 155
1113 250
457 619
1408 841
1015 129
690 332
461 1263
225 498
206 219
488 1137
789 311
97 1215
1442 1364
1250 376
152 104
332 745
896 787
1290 714
930 142
85 50
1440 887
638 1431
333 1320
1446 1375
503 748
544 1274
583 448
5 471
180 1263
32 345
758 974
819 432
590 343
1426 844
366 864
1137 741
999 1036
1124 250
739 1082
1293 207
605 1267
195 1103
1126 215
721 166
1378 1190
196 281
127 410
1214 35
57 122
810 854
760 1033
1410 95
119 182
965 1142
559 454
987 1160
1411 441
888 400
1435 798
306 947
176 1103
1451 742
800 1455
36 305
595 3
1013 287
1353 850
1072 1096
869 279
1419 157
772 346
983 758
386 539
831 926
43 1368
1091 62
60 783
473 952
470 129
1225 1230
1474 214
1438 291
1093 522
135 1078
945 358
1222 932
1459 350
886 717
314 491
776 293
260 1194
875 1467
987 247
1217 938
372 883
1387 1386
1313 417
886 838
335 735
398 1020
1322 587
701 11
238 21
303 904
850 1302
746 656
870 197
1035 301
1430 1059
1141 956
958 1249
1312 20
852 301
1062 1077
361 441
877 1297
1008 548
490 851
777 127
961 473
1293 946
1334 947
1489 592
319 969
632 1200
1196 1013
478 733
124 1144
1235 1126
32 1326
1109 492
1265 1234
811 798
939 1478
72 1398
722 1480
285 459
119 921
91 859
1003 1089
423 1039
407 277
534 1321
749 1209
1397 198
784 1432
856 554
197 588
40 870
246 975
370 516
1280 966
731 266
531 1144
1497 671
1208 568
1151 34
688 44
1175 391
1204 863
167 49
304 283
975 976
259 806
1415 494
918 213
1334 1323
59 223
642 49
1199 1135
430 395
1070 984
1033 1102
866 696
1005 1040
1219 1494
570 1048
399 183
1367 574
412 876
1482 1315
978 1287
98 191
156 132
870 707
708 874
391 938
107 1179
1227 1210
454 994
1142 348
266 943
820 297
794 1099
491 1290
221 1466
379 820
1026 402
630 173
1325 698
1342 638
1164 1046
119 371
1313 351
482 194
65 1303
894 633
1486 279
1014 1452
1009 879
998 461
148 25
1402 1039
1152 110
238 184
209 422
677 527
1308 1296
1475 241
67 1241
585 938
492 481
1190 523
1047 703
1174 515
1181 1457
615 551
1129 1001
1345 1336
866 1301
1368 7
1212 891
336 1257
903 550
371 1480
1064 1178
1315 760
947 364
687 962
948 1232
1461 585
51 455
1085 1237
1171 257
1174 757
890 998
344 973
1469 1348
1063 660
774 786
835 1476
1386 532
1272 1184
40 683
744 799
954 380
105 849
1385 832
650 383
333 1201
591 971
782 273
302 868
1273 776
1422 81
742 322
1086 132
1184 1192
798 1422
76 1171
626 1315
1273 897
275 334
617 1495
932 338
1405 787
1116 684
723 201
1432 1415
95 632
463 799
499 1210
1250 620
529 106
451 681
1012 977
1175 446
1033 1036
1234 1026
857 810
707 1280
6 415
364 648
914 792
979 921
277 1403
1273 910
32 818
1321 392
426 745
627 735
415 61
750 805
809 1156
1486 92
247 635
385 828
291 641
153 707
699 880
440 885
808 1052
388 466
84 469
727 1329
545 1352
1042 172
947 1103
1337 763
1139 1044
686 244
439 1047
1036 1037
1136 975
181 257
307 1416
771 1291
1080 814
1189 986
148 1248
41 893
784 708
1057 49
252 847
428 1009
804 771
1454 358
191 544
1280 242
1489 581
866 1356
969 57
365 845
826 8
604 1127
704 311
789 355
567 1245
780 306
1322 360
960 1405
320 550
1192 479
916 1069
956 1407
1019 938
780 427
687 199
859 1474
981 417
499 673
438 663
352 1377
508 1136
150 1199
1364 828
643 314
187 34
1460 307
257 507
408 905
153 386
1486 710
1470 702
1217 27
1017 905
703 974
723 135
1317 379
847 430
726 1372
915 76
342 443
669 572
958 446
1164 551
322 730
373 695
937 1262
178 456
682 218
1314 431
267 915
107 697
1241 626
1268 500
151 474
763 1496
520 48
948 495
1109 1086
204 751
333 1390
998 1255
793 328
1493 968
397 99
271 926
1014 970
782 583
1012 1274
1086 1260
210 357
985 390
542 49
106 421
1145 756
648 475
372 806
484 1047
181 1238
998 1497
1480 1500
993 924
210 478
1362 727
557 478
840 1032
807 589
55 496
22 548
476 755
1063 57
1061 1445
875 235
333 706
1325 700
542 62
1187 766
1338 1164
1090 1099
1236 1153
95 16
229 999
1005 466
535 288
151 1079
1030 1
233 889
572 355
849 892
14 27
949 12
7 24
399 548
297 766
1264 289
849 1242
1458 1094
1081 353
1463 1172
752 1346
315 1308
962 890
356 1080
984 420
583 76
1388 769
1336 579
221 892
905 1295
120 22
476 889
1224 1277
993 590
1094 1167
1223 823
900 1072
1268 1239
251 663
1137 490
636 208
873 646
1315 533
161 854
968 425
178 269
1409 1299
540 621
875 611
1076 601
768 256
1213 606
819 1241
1111 595
1169 536
362 736
1424 8
328 334
1114 1014
915 1299
941 268
1350 961
504 1435
1390 1299
774 1030
1409 1312
20 339
1453 830
328 226
302 1220
388 1260
1231 488
116 572
1277 375
1318 376
1263 211
1154 1436
913 327
208 511
1008 1089
593 93
1278 721
254 398
407 1394
1198 203
1409 386
1308 977
614 1320
893 506
1269 1251
1102 91
1071 512
909 450
401 1212
1005 158
898 32
191 170
96 576
917 45
1278 24
827 1320
806 214
467 748
150 812
1413 1380
556 39
392 345
605 1392
856 974
92 578
1387 1364
802 445
105 288
561 1285
888 1451
1418 448
55 659
1493 1265
677 450
1188 925
1315 212
124 1469
1196 520
1003 354
557 533
856 1095
1131 1034
813 230
1143 859
1351 808
279 296
198 1354
573 477
578 592
1216 354
512 9
1081 166
929 297
841 413
1377 164
341 1295
1258 472
843 230
1271 1165
75 358
1152 985
337 772
483 826
870 1006
171 1234
978 539
644 1188
752 233
602 1457
924 1242
1450 763
130 415
1041 1238
1361 1216
260 1198
1340 110
1245 1270
450 541
1434 940
630 1411
819 115
110 850
683 254
1240 1340
578 726
512 601
1011 56
880 768
742 1063
639 184
1368 293
84 834
1383 601
983 1125
152 739
907 83
296 195
201 1126
777 239
1192 252
818 11
971 1007
1356 360
678 1428
1256 1176
1034 1063
924 437
1039 1178
1219 62
281 1499
1165 765
1414 1469
851 309
1460 1356
226 257
1277 417
1050 1192
1056 714
1314 1238
44 216
861 1441
1407 648
1393 484
1022 1480
1483 643
518 257
1213 782
187 386
1424 1002
1143 1477
270 1323
1452 17
1123 1010
1008 794
842 502
150 1443
1117 1195
1213 903
640 1270
1273 725
1069 666
926 846
482 1098
585 324
1325 1494
594 1046
676 1085
679 1090
483 1215
159 337
177 1108
374 1393
1200 977
137 928
1348 323
441 1339
1279 223
193 1237
819 733
647 1444
265 1113
461 759
1100 1389
1112 460
908 172
1166 696
1034 513
1397 336
920 411
218 893
142 117
785 223
1222 978
839 688
89 190
887 1402
177 1242
337 477
1190 393
741 1055
1095 1058
1280 57
848 400
1491 506
660 1103
425 940
1104 1228
20 662
452 1073
101 321
584 1458
1291 1091
1319 924
281 1420
485 698
663 704
775 945
938 414
115 606
617 1002
135 1487
904 766
861 1362
1198 984
1255 1289
570 1415
1184 591
707 666
1137 479
96 778
1376 761
672 645
51 1264
787 137
410 379
349 140
514 244
1424 694
478 550
271 486
219 30
1038 887
816 20
1143 1169
334 542
956 296
1040 704
1057 119
971 833
897 884
685 476
253 553
915 938
1158 430
841 723
488 1130
1226 830
497 132
614 717
858 1306
206 1380
65 1441
543 248
1078 1346
1356 536
26 1449
1394 764
339 862
1149 179
306 456
1167 492
363 438
733 1203
165 682
1321 141
148 1452
347 615
1017 1083
129 392
84 1144
743 551
51 701
1064 606
1052 1306
159 271
513 1028
1497 1427
848 1247
553 804
909 439
319 1162
360 1163
131 1340
372 271
644 693
184 1203
136 1455
456 871
745 516
60 413
1180 444
1128 254
462 164
43 180
511 285
786 224
1123 1078
856 963
457 988
436 111
811 1220
119 175
198 993
1272 1322
678 583
1407 729
311 1055
413 514
160 593
891 812
1364 1261
1221 687
1101 393
1465 1313
388 457
701 688
603 116
1439 388
566 463
88 875
234 929
1123 273
963 1038
292 116
911 619
176 170
351 696
919 1382
9 703
945 122
1385 394
1463 1216
778 359
688 1405
868 289
68 199
450 301
446 825
1461 1328
891 1175
52 376
788 1464
727 1454
1429 706
1317 236
6 674
74 1303
435 1016
366 428
1197 585
223 608
218 35
391 192
636 1191
1164 1347
197 326
1418 934
838 359
1261 462
717 69
534 133
355 656
1144 816
690 380
1373 410
1295 985
502 1083
1169 351
785 654
871 657
1122 10
1156 1055
1015 1116
1223 62
844 1234
565 321
28 382
219 916
468 425
509 426
1409 188
1034 1065
1042 660
58 675
985 1065
1446 1423
434 962
759 493
1330 1477
186 860
1390 67
1168 1186
120 1260
13 380
781 777
1257 477
1074 733
1318 1359
1160 544
1242 88
1338 550
16 1324
1217 260
430 146
266 681
582 917
749 1094
57 49
1017 91
1170 1087
392 39
383 973
1043 494
372 326
883 1030
1080 1315
1362 247
323 1107
178 460
183 804
708 1443
697 1025
50 1214
55 1292
29 108
115 111
655 799
1214 1251
758 217
529 394
904 271
1203 604
1325 1496
1399 250
834 212
421 568
1376 266
357 812
1440 1190
686 987
1291 838
107 1051
655 102
1020 1277
1004 515
103 299
997 741
598 241
491 115
991 172
841 1167
792 228
398 826
608 407
1205 397
24 127
767 171
189 194
241 61
635 1449
260 74
466 179
1269 274
746 233
574 944
1215 977
524 305
1470 1203
1203 1088
974 999
148 1186
1125 1168
30 901
1260 575
38 533
291 713
321 67
320 367
908 537
1092 883
472 1404
1310 288
76 909
437 134
1006 816
1264 1340
1465 576
882 255
111 903
747 67
191 603
91 665
134 69
294 1253
588 1471
311 668
789 1232
691 660
28 316
1339 881
458 1132
511 958
1144 642
392 778
731 998
285 386
1296 1413
496 606
251 775
1340 1456
1421 361
908 779
1116 1482
369 730
1387 750
1191 838
731 1119
1493 651
435 37
844 242
1207 1048
86 563
1035 712
234 663
425 1197
1378 822
359 1368
460 1420
1038 1131
279 1079
1055 546
1074 559
320 851
963 1482
355 1074
1010 251
1473 12
962 1257
1410 895
352 281
943 197
315 628
604 502
444 284
430 1140
834 964
980 1018
1059 1311
622 1310
861 801
217 1261
937 1321
345 1446
541 338
761 341
764 841
740 1450
733 508
475 738
994 1303
326 615
391 744
47 934
93 821
325 161
297 328
545 164
151 762
583 456
1357 79
1331 844
591 51
1492 1435
538 161
1410 90
140 1283
389 38
257 821
360 239
447 918
36 529
1359 1148
1152 855
674 816
310 539
86 1060
1476 915
700 465
695 121
1118 978
1429 574
42 990
1074 117
24 1350
429 352
587 1463
210 1476
1328 909
1278 1317
667 1163
415 1356
380 352
812 763
1421 53
54 1350
1477 1153
1026 463
355 295
527 779
71 765
1256 925
428 1002
655 1230
813 584
1010 869
1079 1228
1096 643
246 244
1392 641
366 1477
1178 1392
1137 1354
56 1022
1093 759
537 1066
1354 1288
17 542
576 240
576 11
839 879
1343 412
300 601
132 199
1173 1169
1030 1349
522 125
684 712
40 381
391 1133
1008 772
1448 290
410 328
1072 1467
1094 997
1226 887
205 835
1423 1401
1208 1476
120 202
151 1272
1181 592
773 538
413 1134
364 454
386 213
998 1006
984 842
564 256
1474 706
1304 783
533 677
1350 899
1159 1368
648 1381
1379 1371
351 377
1466 64
67 618
339 1040
638 1373
1429 145
1447 953
1302 77
607 747
663 90
23 1450
157 1450
876 1137
580 92
1323 365
824 681
366 1035
218 642
911 1360
336 863
1406 1073
236 1450
1445 247
1180 730
999 160
1477 724
589 33
1175 1325
736 689
655 1030
635 1317
901 1207
885 1199
742 625
309 514
173 1407
548 530
1200 1210
602 1261
1452 1431
1066 1395
355 108
210 1410
361 825
59 460
1093 451
688 402
60 833
1152 1031
1069 1262
525 640
136 828
1201 923
540 1406
1471 518
689 748
83 938
542 1223
141 125
1280 169
1125 1049
1321 695
706 1331
670 1408
520 646
1270 915
1170 1465
626 584
1094 689
1061 741
1285 1452
350 1403
565 1062
1112 706
735 985
1373 1272
44 1067
343 1400
498 254
164 903
236 779
171 1064
859 1172
45 430
79 1475
1211 577
440 1188
1302 695
930 1052
806 528
54 1418
1224 1041
1079 357
1268 293
98 441
426 243
1367 6
1014 642
197 154
1495 457
597 246
160 208
1119 62
205 890
1435 298
862 665
440 1430
1426 478
624 1022
963 1471
787 491
498 388
492 839
1395 347
1099 1251
1467 1418
1016 1482
713 1481
752 655
618 426
1168 304
122 222
48 44
226 316
393 1247
1162 260
864 832
974 209
122 1161
1174 994
1432 1289
1074 561
689 198
1498 1239
1424 1061
1207 1292
423 981
852 835
687 273
203 160
1380 725
310 1454
243 232
256 171
1087 99
1166 392
1353 484
558 509
991 1034
576 792
1142 1203
684 325
1107 428
59 44
592 507
671 800
1390 487
1397 1429
1372 618
649 223
1146 1029
1440 1018
103 235
482 231
1306 1432
1357 202
811 177
1182 615
464 564
1200 1386
582 61
224 353
406 478
392 351
1035 1440
438 1221
419 942
880 1337
952 1442
1428 1142
55 665
743 1039
471 351
976 981
167 354
370 942
404 526
823 924
1262 62
1432 739
1227 1273
1428 1263
12 187
877 1389
822 1224
1338 286
1179 1461
167 475
1483 152
1452 573
877 342
1374 1148
904 704
468 1342
210 781
499 655
22 730
1137 417
1486 571
531 644
183 1358
604 1351
390 604
808 363
1289 407
1401 648
507 371
51 1323
1166 1010
652 237
1333 1352
1083 194
248 1315
325 1010
516 312
1469 1398
1340 1284
1386 1400
460 188
1451 297
1437 399
346 840
308 548
807 905
287 610
476 1300
443 1123
1484 595
782 323
23 42
360 859
1017 1129
1237 903
1338 662
405 723
671 613
1399 1059
242 1375
1269 949
1085 374
326 322
162 857
1246 1194
809 964
1230 203
1307 423
804 1263
1110 1306
365 398
394 1099
771 857
400 392
1384 791
212 341
1299 424
883 1263
784 503
266 806
932 401
1320 483
585 559
1192 971
1153 1245
1124 315
1244 609
1153 1016
1177 1373
834 216
22 72
505 1209
799 1161
128 993
759 42
205 1213
1146 976
562 925
538 339
1448 789
913 1448
908 1333
1194 909
201 919
793 565
830 861
484 224
198 355
901 283
209 1453
1301 1385
955 748
1378 1376
294 1002
435 712
517 522
269 945
893 809
375 1112
983 702
72 256
836 1177
319 658
107 250
387 533
79 188
478 651
650 1172
1377 454
1007 1446
967 61
1225 585
201 1053
1234 1344
317 1349
282 79
865 171
180 68
1384 470
35 1370
475 1413
514 358
266 256
551 1408
848 877
849 1250
1200 770
1304 598
579 837
1159 1183
997 1121
849 203
474 1080
50 1018
1094 236
908 1012
448 1027
1430 1353
850 778
118 105
740 1320
1151 891
195 739
1401 19
310 1443
236 1265
974 211
579 850
445 621
221 1142
909 1479
324 331
1418 1127
392 206
254 501
479 619
713 557
372 264
205 87
1268 779
1209 1367
1184 1310
1259 666
1236 948
71 1440
1356 1013
451 678
1077 137
1412 127
335 466
723 1487
234 1030
1425 1264
1263 448
1237 1442
807 168
875 43
584 96
1212 1385
1105 505
1122 674
272 275
1178 1249
1378 142
686 1046
284 514
911 612
990 905
394 1059
1240 33
755 1038
385 7
1467 978
364 1116
106 363
885 330
704 1221
1399 551
270 700
1422 454
1232 559
203 417
438 1452
1424 500
1090 1149
1423 800
259 174
507 10
38 471
783 1342
690 360
628 1468
896 236
1338 1106
274 418
554 472
628 421
454 1288
1147 757
1420 98
606 110
761 950
318 875
757 13
433 1350
1434 935
1234 352
760 698
641 1006
350 305
1081 524
410 319
809 590
1364 812
1369 927
1112 1005
1267 650
351 126
513 713
46 1476
409 67
701 1178
465 147
377 263
1022 1233
855 827
1228 1338
34 1129
1018 296
488 1299
496 894
1251 9
1109 828
763 191
475 1481
1180 479
944 239
758 1015
1004 253
412 378
1009 368
1136 409
100 786
310 330
793 1009
5 1451
1040 1115
541 1431
1298 1410
737 848
1241 610
778 620
1485 1236
1094 1351
297 24
858 320
500 612
534 1428
307 971
613 260
375 846
310 222
833 263
419 623
1226 194
465 510
705 199
790 1209
1210 371
1232 130
1189 1480
67 622
1316 1292
469 336
1390 194
1307 654
1331 782
890 1305
1378 305
593 35
469 228
205 155
76 1465
58 105
904 1324
1118 1024
1130 95
242 1390
1319 785
1408 1271
1129 624
793 446
373 1055
552 1286
1299 1486
1454 1094
934 570
1242 686
116 877
1055 42
1079 1153
1376 622
388 518
598 1294
873 38
914 39
668 572
527 596
642 1337
1099 758
218 1009
1489 1438
1 1425
598 1415
374 704
422 1455
158 1116
1056 280
445 355
1263 987
387 1353
177 311
1013 583
1362 737
641 940
1222 168
410 24
549 1351
1223 807
643 232
1319 1269
493 1227
805 1
662 1413
1247 117
1037 1290
944 1099
1470 391
150 1238
329 1469
28 80
728 949
1117 761
1172 468
167 424
1245 1441
1272 1049
441 892
1413 759
408 715
1316 863
39 94
1439 1162
264 212
446 189
217 1120
370 1133
560 705
1016 1473
14 1434
1067 1475
898 471
516 140
1314 120
1307 1164
159 1300
355 717
1172 710
1208 367
860 1118
982 815
698 1056
285 392
661 1137
124 969
289 1265
638 1190
302 1204
932 1142
1214 828
138 86
43 980
426 489
1107 1116
1458 636
133 1139
1446 316
370 557
370 328
180 204
135 919
919 772
895 149
382 567
757 444
5 580
596 1021
1320 298
329 677
62 562
547 82
1151 1014
29 156
1242 378
841 34
1396 27
1349 706
874 1379
721 154
744 1269
1382 1068
346 213
297 1260
328 573
1412 947
319 1278
234 911
192 914
734 968
1403 309
1050 450
1473 1307
81 588
443 1435
124 406
1218 1202
196 282
643 971
283 399
13 575
481 643
670 1333
1272 1438
1000 979
332 291
633 1451
1412 1418
894 1492
1415 669
1074 110
508 1456
826 799
899 1277
722 863
1164 1208
1084 1444
17 522
738 807
292 232
125 55
490 476
677 568
1439 854
258 584
397 1453
961 1495
238 117
152 831
307 476
1382 505
322 1279
554 353
466 240
560 1336
858 764
1040 512
1437 148
300 473
1206 1447
1373 392
1037 177
1131 1273
229 943
344 893
643 1455
549 130
1491 798
963 1167
834 528
658 302
83 71
453 836
458 1180
444 1245
599 890
540 1478
385 143
1038 937
1496 354
353 834
632 20
1421 180
663 767
489 880
365 1073
1029 70
564 236
946 72
605 8
1304 534
708 1183
329 369
45 610
1485 57
63 1418
1291 457
765 670
694 201
1098 816
330 190
1388 1292
1396 887
888 188
289 1320
504 1016
760 942
894 1171
77 683
1353 1456
365 1315
592 311
1194 645
700 1305
900 198
578 147
566 1076
60 221
352 329
918 1006
651 662
83 1373
205 1070
1136 182
645 93
1245 583
1362 1168
300 1078
90 1268
1165 65
428 1492
1013 196
66 93
1239 1182
1179 902
755 840
622 1250
236 1443
382 743
292 32
569 340
723 255
1270 653
635 142
587 1148
84 268
1486 1180
189 55
1470 943
709 1259
561 1095
901 1200
168 117
235 1110
448 171
1449 1005
1177 546
1309 207
1131 844
1014 30
167 1326
1350 1147
1454 975
800 451
1135 441
1226 559
9 632
647 623
289 649
187 638
402 526
383 284
435 474
290 1288
393 743
470 172
800 572
20 646
826 975
561 1458
850 1332
1134 862
697 107
877 1206
311 529
843 1329
459 400
1076 1271
603 1347
59 466
437 1055
1204 1456
1073 744
1349 90
960 49
120 826
493 1337
796 1109
1217 873
518 872
623 134
327 1304
636 73
687 1058
231 24
333 8
101 439
986 573
1055 178
1127 54
342 242
762 1353
944 1101
489 935
1427 989
704 594
933 188
695 774
342 1410
662 597
477 551
370 196
1080 63
1011 229
99 1130
584 421
821 68
1463 1292
893 1405
377 91
260 1492
151 502
830 73
1193 879
1165 817
428 29
1133 1242
565 263
606 301
396 720
893 1297
693 943
617 1362
742 310
1201 595
1110 1002
425 145
117 29
884 659
961 879
42 609
59 24
966 728
666 436
143 395
621 959
1428 530
1345 990
1419 939
963 430
785 1067
1432 1403
16 327
38 86
1425 195
397 958
914 430
1318 254
523 508
108 266
1125 613
206 572
1240 600
1381 310
326 1428
1069 718
811 157
714 490
707 1268
640 46
1011 484
340 279
608 1491
1207 130
379 1439
1241 909
793 490
1170 211
10 1047
1185 785
45 1041
1072 844
227 752
1314 606
1348 1422
367 503
317 682
1321 501
876 1319
1473 1309
1084 36
488 914
1443 612
875 1094
639 1083
1161 670
1465 1310
54 1103
1005 1325
1273 322
1070 222
1094 616
1044 1024
526 1327
278 1225
166 755
997 683
245 819
1346 571
592 863
248 1053
1003 1400
1027 562
1169 1140
631 976
1500 1159
543 863
130 1219
175 467
1295 498
92 927
484 1451
1000 284
86 358
196 755
60 1123
1292 1395
1345 1487
980 571
660 1155
49 1001
327 420
631 868
963 109
733 61
877 1274
1274 681
1045 821
200 766
442 1053
180 1053
1080 815
1016 1288
479 1349
558 181
661 831
564 1164
946 1229
402 836
240 20
522 938
899 1413
275 243
160 27
1247 1342
270 1067
905 1349
1352 577
588 1413
789 1403
858 1008
1348 872
419 143
954 1470
1246 824
47 271
833 1180
910 646
1402 1337
805 1118
1135 993
1298 462
346 15
169 382
153 374
232 667
1261 351
908 721
185 326
737 1068
717 1355
650 1365
27 154
443 69
598 909
1231 1347
477 619
996 955
311 1081
749 260
1273 711
929 901
165 505
335 391
142 1016
911 295
753 675
1267 1125
803 1435
386 329
465 393
332 1032
27 396
1388 1307
168 106
864 75
6 458
376 28
419 627
1496 22
1408 1370
928 504
520 1204
638 671
211 863
868 904
422 1312
1124 1355
1183 915
1489 958
1048 956
336 750
267 1145
17 216
94 170
338 796
962 623
621 101
299 50
908 1326
376 270
378 868
1047 209
1071 795
854 568
1204 1324
25 686
892 42
903 1103
1156 502
1364 1434
1116 1332
1122 854
130 1274
1386 146
1369 502
138 869
308 1280
867 749
972 48
1245 143
746 230
1372 1150
884 1332
294 69
788 1395
1282 1378
692 115
1041 3
1046 872
1489 395
873 163
48 952
1149 741
102 1188
1143 926
738 1106
655 583
347 467
1173 280
338 1172
1384 234
682 716
322 410
1086 806
929 593
1286 1096
1353 103
799 483
1220 742
274 369
1308 360
1022 3
669 373
1114 760
171 133
723 875
1344 1222
1199 804
562 1415
1309 706
125 1185
1159 1176
532 1014
1050 1125
1485 1282
1 974
1119 178
902 180
771 663
12 611
1113 363
442 195
884 540
992 73
1472 710
28 555
1115 180
812 371
1252 414
579 843
601 1356
45 1138
21 552
721 1192
977 889
1295 232
856 828
625 437
1098 886
24 971
872 543
208 1317
724 379
877 658
1004 433
183 735
448 215
2 165
624 333
1054 146
1353 479
267 32
1172 138
1141 559
917 1080
131 171
1486 1237
428 623
1242 382
531 1310
1159 613
656 258
883 1203
640 1445
1077 22
657 631
161 1447
963 674
1054 38
1040 140
852 843
297 1493
15 346
1033 100
410 875
61 169
596 1267
1401 1435
1177 495
1366 1185
827 382
1290 143
376 446
1272 503
79 1391
628 172
1073 788
672 215
882 991
107 177
1394 1139
277 588
56 885
1267 509
969 852
1258 689
1368 1086
886 817
52 362
12 1458
577 1001
126 311
273 1004
1405 335
768 983
678 6
941 874
75 467
1406 452
1089 745
146 118
1121 697
4 937
933 1171
898 396
196 878
545 766
1221 820
429 591
1432 37
329 1407
1373 625
924 533
963 232
445 306
1145 946
389 640
979 1408
631 173
451 242
891 248
956 1397
1121 710
1420 1272
448 1075
1012 659
1268 356
927 292
624 25
1195 1009
763 1123
1019 1049
131 92
141 551
118 1321
1226 66
553 495
1076 536
1062 372
363 600
93 739
19 561
1482 931
1038 1183
1449 754
217 253
1263 1301
1412 872
529 259
589 1064
663 1013
1284 1360
511 1144
1460 768
839 192
1288 18
708 1429
582 1024
2 449
647 1419
1316 1285
884 608
1279 1366
1389 1009
19 803
1447 950
1254 784
1051 721
1006 1473
299 857
187 387
1147 429
285 693
484 85
1093 1361
601 1424
1038 1425
711 1030
267 87
1490 539
1208 789
537 621
224 161
1024 214
943 491
917 1256
571 390
204 862
152 406
890 372
742 1440
568 321
1234 145
363 855
974 743
945 1210
585 904
1385 1253
896 42
846 450
875 1151
1014 263
198 1397
1459 384
630 273
764 1027
1273 150
1247 915
1215 145
1139 1318
377 766
93 1007
1312 980
639 214
771 1336
394 1349
290 474
512 1341
904 633
1420 964
314 1356
969 1028
685 1269
501 694
721 697
1004 985
336 297
1356 161
615 651
21 178
907 5
1219 1031
484 582
37 1061
243 1129
821 877
394 544
805 115
534 295
723 756
323 785
1233 3
1067 1468
296 130
521 477
412 1244
1186 867
1439 1047
392 1006
1213 475
1414 465
1061 1101
474 1304
334 772
544 87
1133 1125
1145 196
611 262
927 239
1159 1299
849 319
618 652
174 904
881 1291
375 665
20 208
532 90
229 318
1230 132
822 832
514 716
791 1482
1085 1471
876 1068
303 1435
518 1360
168 1210
314 1035
1470 760
625 668
1405 779
1219 360
1353 589
434 319
1439 363
1413 1128
1077 1179
676 81
1309 253
903 797
754 674
1356 1008
998 1300
1206 17
1377 1067
1055 787
6 407
443 1199
36 286
545 392
151 990
601 1492
1306 261
889 1370
760 1256
1130 35
975 1144
1491 1475
753 48
649 1388
253 1159
344 523
1304 1319
158 104
1175 451
225 1097
385 1049
690 931
880 274
1138 798
558 977
482 1396
1246 331
915 497
693 384
1240 28
1374 1011
1255 1319
364 882
355 1328
422 335
1150 1037
1005 390
179 1331
64 361
1340 905
1084 161
91 1403
1471 570
662 172
1137 1219
901 454
347 1100
446 1042
12 292
790 357
447 220
454 1162
883 521
1146 1389
249 649
618 223
213 174
426 1450
278 303
770 994
418 54
411 1061
717 875
1055 116
1189 1099
1091 527
388 821
544 1297
341 480
1411 1148
529 945
900 1346
86 375
110 732
245 139
1250 183
377 258
10 501
524 722
665 432
587 1007
1311 284
936 932
845 1302
757 1418
1034 6
273 322
66 1012
1273 931
566 840
1327 1167
943 9
977 1054
1008 892
828 1190
286 907
1195 903
386 1259
771 1070
169 507
421 1482
875 898
407 1318
23 389
580 1246
647 253
1452 1175
457 92
481 220
1112 1255
1019 1064
296 669
1196 431
1261 826
1328 587
722 548
947 895
909 374
162 854
710 430
730 1311
1031 485
1089 197
1214 1360
23 631
640 1273
1128 539
1028 1089
1355 1255
1339 722
884 1081
700 506
1099 740
1142 1376
1207 539
1405 29
1013 1491
758 218
1105 1494
1206 85
1419 1361
1357 483
600 275
1290 1247
550 454
1384 91
811 229
1034 732
1237 566
191 1275
758 339
1192 42
503 463
200 462
389 1152
700 748
1049 1161
1014 386
1296 1038
1380 214
1213 1269
1090 152
687 930
933 168
1036 1084
1212 751
148 1066
1500 400
753 1405
1274 848
47 196
303 122
912 1398
1218 687
590 1118
1493 397
689 868
606 1099
822 1397
116 417
1444 1151
363 294
229 65
1058 1344
936 1095
661 890
1280 410
1142 934
939 117
913 1111
674 1354
572 589
542 646
222 1193
621 710
1034 879
488 1349
87 1005
137 597
813 651
148 1429
1263 1116
1082 1041
1271 1465
997 179
943 1111
617 1355
1171 709
111 1483
1363 421
132 1313
639 592
181 909
1098 877
96 313
1335 295
1158 662
1415 1227
515 1199
1320 172
1492 1181
1225 1066
779 1245
536 1258
1484 768
61 736
1253 118
1356 768
47 572
432 154
1335 416
388 84
145 326
1234 778
1275 779
1438 19
37 500
653 503
1095 848
136 1445
1240 714
142 1196
472 842
1060 1012
1273 73
127 1332
1314 370
1292 1254
275 678
75 95
1169 891
367 1435
577 979
236 686
1182 830
20 573
235 232
80 1112
709 1320
614 265
698 1427
149 165
342 745
791 571
1054 1439
768 1082
892 1148
47 1056
988 856
211 1164
360 240
1323 553
1228 959
619 1403
1286 900
64 592
771 225
234 1040
201 1092
1021 336
840 32
816 641
1406 443
776 276
1457 674
519 354
910 1444
722 161
1104 226
1035 392
434 926
1387 551
1462 1139
1037 172
340 998
67 351
1313 521
77 544
787 411
646 1226
140 829
183 1465
603 590
907 1001
1354 229
796 1399
491 534
1009 231
1220 680
821 934
995 67
802 692
567 529
1269 572
682 1004
1408 879
1334 701
1273 691
726 64
202 781
651 644
1432 1209
637 480
480 762
1147 1225
1338 527
1279 1115
1041 1472
560 647
715 255
1327 1048
45 955
1184 999
1005 768
1316 1155
397 1114
1214 1107
50 252
296 1476
229 254
971 73
1191 76
1380 766
1325 76
430 1183
777 473
1434 477
1226 70
537 491
821 21
1385 63
1445 114
41 324
227 1497
326 1476
1293 245
744 1198
1344 705
95 560
346 142
1132 1051
315 792
1089 186
29 206
34 550
853 1370
750 720
323 158
33 850
1325 1365
1027 476
1438 1242
600 143
834 81
1393 718
639 1010
381 220
933 733
843 22
846 1488
1252 715
32 746
563 907
609 1023
1135 315
245 975
343 86
200 1498
319 1449
1439 1480
943 1313
366 218
770 567
1083 1027
737 390
107 223
604 1029
1402 780
1035 1252
925 626
390 53
422 271
1024 568
1473 431
91 400
402 521
314 179
1251 732
1196 796
1218 326
411 526
890 726
754 865
950 511
1065 1252
297 626
1348 786
135 69
926 1093
506 470
378 1224
259 1044
914 1204
1399 495
1175 750
867 634
1371 396
402 534
539 1034
1098 503
143 14
1034 976
1273 504
1397 799
63 287
510 747
1322 625
653 1055
293 483
630 1337
903 412
66 706
1310 278
145 999
726 227
1056 627
97 1187
202 486
689 870
1358 174
494 594
856 458
190 368
916 997
463 1466
965 630
898 1394
189 668
739 812
1434 1108
50 1004
688 995
544 78
700 66
349 1300
295 542
854 240
148 492
337 1182
710 232
1364 756
1307 222
1025 1290
992 884
1071 1177
592 1408
1497 467
1139 759
638 248
478 784
739 1054
1355 1057
1270 461
348 674
160 1377
1300 303
928 431
62 1485
537 546
819 1464
676 890
1275 1478
881 127
636 1491
1207 1051
111 1377
469 1085
1012 21
366 1078
693 12
994 1172
39 454
966 1073
761 1378
330 374
115 1203
119 1093
217 204
1163 311
222 282
617 323
1212 203
88 733
781 1414
850 1019
1434 1484
972 901
712 267
653 855
973 79
732 919
193 345
1425 1371
385 811
1389 142
347 1199
791 681
1481 899
326 847
563 36
212 516
360 1397
807 396
215 521
1137 42
538 1440
820 335
135 3
699 45
766 1038
76 820
265 1281
1292 330
1159 969
1243 145
1468 263
676 1495
697 157
74 932
130 275
1024 1454
544 817
703 581
97 771
1127 91
1335 1023
1015 853
688 458
941 638
1400 1152
13 814
1114 795
594 759
915 622
354 289
1414 40
717 866
574 292
610 740
662 405
197 76
1051 1385
599 995
1249 94
1441 35
725 582
1137 526
512 474
1293 1039
1315 798
780 1457
243 20
1027 102
1443 983
1257 564
367 766
1004 1057
687 1350
365 1070
1325 883
1101 172
810 1457
634 1460
1049 1473
899 711
458 251
91 952
824 308
232 433
572 996
1417 822
584 821
460 297
1342 1173
841 891
1169 693
536 26
21 600
532 1304
35 269
903 722
125 428
388 1296
1410 1
1186 1047
418 421
1254 427
388 20
112 85
81 506
1454 717
609 662
502 499
311 968
691 1189
1337 546
124 95
385 853
753 791
92 1311
737 258
904 1189
1109 1069
653 789
914 830
1167 1010
1031 1415
1066 1372
1219 419
852 891
709 317
260 979
246 1081
1144 245
994 1240
1276 135
1453 771
128 42
100 209
738 496
1307 653
1068 142
1157 1123
209 152
1315 248
979 33
1091 1028
1197 1424
1419 76
885 142
369 1043
456 1160
1452 1421
485 437
595 43
27 754
237 335
973 1423
677 378
916 623
709 559
423 461
773 1254
630 1434
535 150
812 687
1312 973
697 1380
487 338
48 705
263 630
1088 218
1296 1150
554 513
1032 1077
829 223
1068 505
1398 151
933 51
67 1105
1130 565
172 1121
122 775
1078 146
1255 1499
1382 557
632 59
1148 1144
114 133
46 1167
951 1273
493 395
44 828
123 1121
990 154
431 190
1179 578
979 1456
609 462
1483 1255
1340 1435
7 128
299 1468
199 69
555 1165
85 950
135 313
1167 460
291 1055
518 51
829 1404
101 665
221 996
656 924
1446 60
1201 458
353 657
1457 155
803 1351
897 986
103 1125
306 1484
741 1412
701 293
615 1007
92 1003
1332 1328
617 70
489 1053
374 837
938 879
310 1310
1047 1051
548 1367
386 1076
1110 1107
96 1243
1113 358
497 126
1011 347
259 483
955 186
1094 1284
165 555
495 201
911 116
1105 359
637 779
893 476
466 897
1462 633
856 823
543 363
1362 1220
794 884
830 312
1401 1296
945 1016
351 543
554 1131
1482 174
389 17
915 1295
27 338
904 1365
207 1437
287 908
409 376
388 1485
825 1257
190 746
1110 423
1445 413
901 1481
1054 262
1214 251
233 564
18 1393
1045 213
1036 659
1247 842
1276 82
1336 133
649 1152
812 621
159 736
1066 1440
252 698
893 960
544 806
230 387
309 680
1269 1476
825 1499
625 916
740 866
1390 490
1254 858
1307 950
679 1381
756 847
998 380
203 405
1034 562
491 283
981 147
114 67
743 1258
1428 1132
870 50
915 732
1078 201
1075 455
918 737
627 36
885 331
393 1037
665 1459
1064 976
1234 1387
685 162
553 1174
227 186
550 1105
206 1295
1032 327
801 1397
1094 158
674 1292
242 63
813 818
1453 1444
847 402
1363 467
1485 164
134 237
146 1294
512 826
198 666
1483 276
1309 877
1257 687
326 1346
701 240
463 597
628 893
1090 695
1121 8
575 1003
1075 1060
125 1477
252 498
1210 467
587 1242
1363 709
927 1347
1192 598
1403 1047
228 1080
467 1362
1031 1404
797 1237
1253 56
419 382
840 412
90 1375
1134 593
65 793
82 962
8 30
654 141
1495 986
108 1365
886 1430
292 957
889 947
1319 531
1133 1307
387 1194
203 1373
1051 945
1125 665
417 1073
1375 22
716 1140
1123 1235
1058 611
654 1430
1115 593
1207 1350
1226 1363
1482 1289
91 1438
79 152
392 383
1404 1369
557 450
462 1381
1496 140
221 272
699 1028
679 1315
381 1392
1248 1243
71 678
439 845
21 857
667 968
1232 1420
1139 1192
1005 209
495 861
1405 1311
35 876
1146 1087
609 1148
380 1325
543 794
1102 263
1150 1206
586 1164
460 1025
1492 677
1004 859
1262 1383
1490 1018
1070 166
563 335
478 1459
116 289
1301 449
327 472
19 127
762 400
684 746
1429 634
1161 1085
8 648
1194 444
181 310
404 813
385 305
813 523
245 1234
190 1298
312 995
1363 401
119 600
1025 113
192 1344
52 775
864 690
766 1350
1330 1392
630 523
421 120
138 1229
1234 637
1296 1286
549 305
67 302
600 765
125 243
796 182
1398 516
529 67
907 1410
647 59
1475 470
1416 1324
303 1188
504 1178
397 1052
439 1463
714 1173
838 1468
203 957
913 299
514 590
868 822
1085 1345
847 470
1451 1402
606 1347
1284 242
143 1320
1122 180
1175 1467
903 779
8 1132
911 1394
1166 1418
703 196
443 1060
620 427
226 1476
613 424
293 971
967 656
497 249
163 1127
782 610
861 903
1433 1102
767 1241
1056 1115
1302 353
48 1325
192 781
399 91
421 375
779 83
240 1495
1119 417
902 419
716 1195
319 1266
643 838
1438 1301
1123 14
1270 936
1050 438
1103 301
1070 87
760 1359
521 848
1149 417
168 1447
462 1436
914 779
346 1490
427 395
1433 1115
1219 597
62 684
1003 447
1102 197
1145 796
854 620
1280 203
43 1344
514 1195
311 341
965 313
199 1039
1336 256
1301 1430
587 626
807 629
839 618
932 809
216 1393
825 454
472 1090
696 569
1463 970
1301 154
220 51
915 613
249 752
686 1278
111 818
1193 557
1160 151
795 1450
452 64
1470 313
1148 262
1094 965
1369 904
767 341
686 1399
290 416
598 532
386 878
702 855
1366 377
53 180
1409 976
729 1217
942 49
718 570
236 1055
170 701
362 642
226 1047
1224 149
1357 678
393 1160
1446 1164
341 475
864 516
547 809
1323 801
670 879
620 1287
197 201
1193 691
346 1
920 7
256 781
718 812
1451 168
410 430
1246 931
888 994
301 645
913 1172
144 432
350 766
553 371
1105 1113
30 37
1366 861
306 844
595 718
901 1175
1086 174
604 659
309 253
956 589
557 89
498 677
855 1180
681 1064
607 1078
304 1077
453 382
992 367
1233 1247
66 1370
470 965
931 128
910 1237
1285 360
886 385
1430 714
987 144
1133 1430
993 1127
1272 313
854 554
1204 1081
1324 180
804 1376
871 1137
365 511
1060 1073
1132 1178
1462 824
218 986
343 200
873 954
243 750
1134 958
191 331
924 1148
611 688
977 257
96 508
1331 1243
803 858
825 617
1331 1014
49 921
582 1155
406 404
79 46
1364 373
1114 1430
1288 499
622 675
369 229
811 574
1334 386
1232 604
829 1382
891 45
1290 316
708 1092
1043 1082
625 1094
358 979
1165 550
711 114
850 1212
108 575
242 804
1221 859
517 514
88 337
281 237
556 213
1452 499
48 709
920 867
383 1453
73 473
157 1110
540 353
685 219
1196 923
1065 440
1132 1433
1134 45
841 695
698 912
325 815
576 168
820 757
1324 556
209 640
1251 980
1213 459
1034 982
1050 172
35 194
1289 454
1095 1406
260 541
89 659
1371 523
247 1282
1300 54
895 5
819 1215
79 651
53 1416
514 579
395 1116
863 467
596 877
1284 231
324 189
124 1067
26 495
380 993
172 549
612 67
1260 1042
957 1004
938 762
826 292
1447 868
437 480
1212 1001
458 539
523 1422
176 826
106 1255
166 1306
444 496
779 1240
1013 1178
76 1497
616 724
1395 691
1345 1099
1302 234
1480 240
325 1191
529 432
1150 779
145 1489
1103 1458
633 260
297 82
197 861
178 619
486 735
1160 945
1251 538
843 1009
1402 478
1443 479
88 847
807 268
206 573
1073 424
751 373
866 848
84 324
1283 1136
820 1146
369 1210
195 1094
785 142
871 145
1396 30
1078 889
935 1069
999 330
128 1269
673 803
217 560
1041 970
542 91
561 104
1154 618
1157 135
56 871
1158 1262
191 278
621 1323
368 1143
712 1441
137 1210
32 928
1403 541
597 148
466 1385
610 383
1341 602
1033 449
396 1326
160 1049
657 1101
80 302
635 561
442 1149
1084 387
356 880
1 652
553 1165
933 1386
1444 141
1428 1365
545 752
1051 1149
753 1455
1119 1024
653 56
1007 554
1363 1384
153 1167
1429 691
568 628
719 760
121 582
698 859
930 162
813 580
1248 737
398 301
202 426
1310 1386
1110 1032
353 824
229 1283
898 624
651 518
733 62
760 690
1099 119
1324 732
44 1008
479 411
1329 581
575 873
391 298
1139 686
1483 267
1080 1045
918 983
1004 3
1050 119
47 1427
647 1163
659 234
480 757
27 1189
1128 978
434 1055
9 125
1457 1382
5 612
934 1341
784 350
724 70
1152 517
579 655
1201 638
912 535
906 232
457 894
1236 632
615 19
1401 174
236 1191
996 125
1337 189
1476 1287
1419 753
304 1066
87 1068
1336 984
940 755
981 756
1138 1413
503 902
1487 106
143 330
1373 987
824 1482
1075 1064
491 784
816 315
425 430
1132 817
669 790
591 1136
716 84
1411 1400
1440 115
730 1416
635 361
527 333
581 1064
1266 901
1164 1119
1329 957
386 330
988 664
1375 1073
353 1321
1168 716
108 1490
660 1185
1362 474
954 1137
701 728
1396 1253
503 218
604 795
1206 1129
819 720
1292 1317
300 505
281 226
88 97
1301 90
769 1249
972 1083
63 269
741 1150
502 639
601 847
415 1394
1184 673
1037 1148
1338 93
109 1324
797 678
1155 1140
1146 1320
917 1268
1278 1476
1178 1309
88 1157
516 106
1125 1382
1228 83
151 1176
1218 563
528 116
796 1328
773 1381
788 686
1225 687
1349 1019
567 458
82 1463
178 1171
811 589
538 925
976 104
1168 45
132 1405
691 874
1425 1098
1000 1400
1311 1033
1209 985
1061 858
20 1120
1243 340
182 889
414 229
130 470
603 882
419 307
1310 515
1435 1449
362 712
439 407
432 1185
1041 475
1156 1216
1094 338
1366 797
810 579
476 1228
846 7
192 1469
1067 649
700 1350
1400 529
913 182
495 194
890 1218
133 1010
504 1182
1397 2
1376 1111
851 243
507 433
876 7
710 240
81 446
649 1132
1177 1288
382 788
1091 16
225 1070
786 1137
32 675
1152 706
314 95
805 598
581 890
1354 776
1409 483
147 1271
496 1425
1112 1428
293 1096
719 1433
805 490
801 1243
649 1374
293 49
499 154
1354 668
894 424
109 1137
614 491
1273 1130
829 150
299 1153
1271 1020
1276 1135
1430 784
362 162
647 789
587 509
1422 556
227 1105
259 1094
1403 1482
267 1443
979 1154
774 456
490 697
223 582
412 1043
723 905
1055 1378
1475 503
492 514
1252 202
438 1446
135 1408
697 623
986 497
862 461
225 1338
512 577
135 361
563 1333
566 813
1235 154
298 998
1041 59
1441 1198
641 1108
565 66
704 639
442 1164
1347 1270
1388 1271
257 593
888 167
986 510
1349 1316
1385 973
1197 693
140 947
162 477
776 636
757 128
1030 1455
558 413
410 1481
307 13
1389 755
60 550
1082 46
289 144
1019 929
928 1299
1238 1461
809 1055
146 482
137 662
1377 987
458 717
1358 479
269 552
821 1294
716 1012
346 18
879 481
108 1129
567 660
770 1248
708 370
1143 298
1067 946
960 820
1098 1050
1029 425
420 1364
15 1086
1271 712
1171 774
276 1127
952 178
31 1030
559 1415
1498 351
53 560
1371 1064
1406 1287
57 1433
253 1079
456 913
1297 68
784 486
159 663
68 804
1088 897
250 552
251 1420
383 1310
961 1058
901 1421
63 1076
438 199
1142 315
149 96
756 774
1391 1056
1155 1008
200 327
1000 905
1172 194
585 663
1077 1354
1402 885
1273 17
1173 833
1049 1026
1467 785
154 1379
780 84
479 910
182 394
698 1479
729 792
1047 1367
398 921
1112 1496
1211 1475
1315 1303
285 1165
686 48
457 225
374 685
1138 852
401 559
162 48
291 687
310 700
1366 1470
877 30
1432 777
1074 49
1180 1199
1070 1327
137 1159
1072 1373
610 790
486 229
1270 82
1351 973
253 1455
858 1040
1114 737
1071 101
1260 562
1271 391
502 883
16 172
269 123
1022 101
798 1147
1166 1048
497 1155
1495 1489
920 992
1352 1440
1481 1325
1162 1279
917 694
1148 563
250 1170
231 137
1098 742
666 65
738 170
332 714
1414 453
1011 1268
599 11
953 243
1195 5
830 1341
38 1112
164 1251
673 1128
421 355
920 1005
969 1392
85 1308
1255 702
630 879
828 1123
640 1072
844 579
598 1075
400 1356
608 302
1243 584
711 952
1440 1098
332 138
535 763
1450 1291
438 830
820 895
135 792
1112 249
1277 582
630 771
867 189
1414 587
397 11
804 1301
1475 8
676 69
806 1118
1341 230
316 436
701 772
1306 357
366 1196
1135 475
112 1316
666 670
801 77
1243 947
1007 182
1086 475
830 549
1227 185
174 1147
814 541
265 1265
475 846
280 82
777 659
1030 839
1107 534
245 798
298 624
339 167
293 1448
1077 1301
904 555
355 1316
744 337
1151 203
784 904
211 1042
799 1441
489 498
35 816
246 1494
804 509
752 319
165 1276
1158 1266
11 809
811 633
558 978
155 1268
250 862
1499 778
1118 1315
1388 910
1384 1434
1434 797
1468 381
974 1041
1187 102
1455 1085
1049 168
1231 145
90 994
847 973
676 566
123 353
673 2
875 631
102 186
814 917
236 940
631 1210
1223 856
426 512
1448 1203
400 1277
1252 96
142 524
1367 46
548 1175
955 1270
468 1448
1416 204
1486 677
484 638
453 1288
1254 290
137 530
968 687
240 1180
407 1064
401 761
920 1060
691 5
152 1188
365 20
903 827
1073 1275
542 821
915 1103
1397 1106
132 428
383 10
290 1014
252 493
1225 999
380 944
287 487
918 290
648 429
87 133
873 813
419 377
448 1078
558 1475
950 242
107 785
101 1199
527 553
186 260
1080 473
125 775
1415 463
732 958
399 31
1465 1223
402 265
252 735
305 598
718 13
673 499
716 317
387 1081
1474 1164
161 1492
913 373
90 794
972 1182
585 544
911 1468
1248 299
54 90
135 981
474 676
1234 135
262 793
52 1212
597 783
1331 1236
1417 256
723 370
81 866
719 1382
408 443
697 317
1263 957
1354 846
567 207
938 379
179 98
397 1489
479 1262
350 1377
353 628
1478 774
602 1369
410 115
819 1074
359 1318
768 1257
1456 1365
81 61
857 282
113 1033
1083 1268
138 43
1420 1075
458 169
1289 326
986 325
974 988
259 225
424 521
639 217
157 177
1200 513
167 636
864 564
1296 221
1359 277
636 1343
736 1052
455 1039
868 454
990 151
35 187
162 1460
933 1337
268 129
1169 1321
102 362
489 808
131 1063
346 988
1201 1273
1018 334
32 303
486 244
513 1101
1440 737
466 531
830 1222
1112 117
1408 933
269 1414
1053 1496
1383 1105
354 475
409 1165
142 821
430 1224
631 460
1173 514
698 221
1013 1279
139 257
1374 275
1145 415
1183 707
1389 1041
713 529
1451 458
1368 460
1001 932
211 547
522 1348
231 381
410 612
358 193
638 476
323 1367
297 183
946 363
882 836
890 1451
232 727
1068 1228
414 475
343 6
1100 1180
262 835
98 1141
209 191
519 905
981 707
581 1002
94 1143
711 28
1351 654
41 728
614 132
177 94
280 781
186 328
365 559
547 307
492 371
485 1415
1259 772
997 543
694 734
1000 23
1165 356
1483 931
965 1234
182 330
1494 531
907 734
356 631
856 1183
846 495
254 620
1135 369
1226 487
1174 297
1351 896
1227 1355
12 269
313 1200
41 741
160 692
218 108
1363 1135
1283 1371
39 816
691 1496
1432 942
419 808
86 339
1273 1363
564 903
961 310
460 28
183 1211
346 680
254 862
1435 314
31 295
1137 391
1221 799
445 1332
376 1498
1391 1476
451 329
1356 435
1167 270
181 468
107 290
965 550
1084 501
246 1388
625 1384
296 162
370 1279
38 577
590 1282
1130 738
576 1155
662 404
739 624
1456 1433
1380 620
499 871
3 704
1049 520
722 162
1467 279
319 940
852 1440
967 1390
1163 807
565 1346
164 19
477 479
1313 980
1328 93
806 920
687 1228
1241 582
1361 1438
490 125
409 991
1441 384
923 1441
741 1464
655 872
153 247
1274 1146
1494 1149
33 825
453 1182
385 489
756 173
298 1244
888 63
148 1485
1094 397
292 941
361 546
980 1049
1200 1052
1226 58
1200 823
1307 397
985 117
921 590
1177 287
520 17
127 1254
168 1026
1026 1286
797 1463
1227 818
1082 171
302 208
1429 1181
709 303
217 366
337 431
48 328
1040 1342
1329 950
88 895
365 1432
388 369
1181 5
1363 948
1098 7
413 1365
34 551
302 1497
116 849
362 87
1494 1404
547 1301
360 391
208 559
810 893
655 1248
1020 437
952 1471
1021 1076
1217 722
950 378
910 1474
349 683
1023 1122
1138 843
1268 135
1493 253
1104 966
914 842
1313 551
1051 1305
332 1389
581 373
347 206
1133 849
250 798
1201 1249
1472 1483
1016 974
1263 1080
707 633
65 1166
149 571
1138 1085
1293 730
1119 843
799 1390
787 104
320 1392
984 389
1075 736
70 1217
336 1336
1156 846
19 353
1125 449
982 666
741 1277
340 933
450 576
1124 1015
847 212
155 399
1096 916
141 235
187 1105
1471 978
449 58
865 1205
248 1236
1337 1163
860 43
72 485
894 1088
1063 631
1128 1026
1412 556
338 1395
1205 980
448 772
151 485
216 651
954 580
1115 1437
1005 811
1029 1168
320 708
583 1347
163 761
125 469
870 357
388 1108
997 169
262 474
538 1052
254 1293
714 231
903 655
696 1345
1451 460
736 1417
13 305
32 547
301 937
1189 1399
1459 1223
1034 293
1457 396
442 418
698 344
1283 768
897 1227
601 182
1189 352
416 365
1436 458
1307 573
1487 1443
138 1360
702 1402
945 894
883 245
334 1006
573 1251
1229 653
1008 1179
846 363
189 93
1214 1284
1489 1223
1250 712
689 416
799 22
945 76
883 1184
702 355
1154 1418
1059 363
949 491
21 896
375 1128
1316 1453
904 425
1186 1343
126 1097
867 314
1092 661
233 671
935 714
771 1249
399 1377
1392 135
552 158
328 679
1049 964
1169 63
854 725
1401 369
709 1310
793 486
63 1135
476 550
235 1390
658 261
1117 546
1378 587
595 1144
1226 718
992 551
1372 18
993 1190
831 1128
1493 1476
170 1382
844 838
145 800
305 789
80 176
131 636
547 551
1410 431
274 163
991 447
623 51
394 228
523 867
789 1023
1315 544
718 325
280 328
791 1032
1254 39
419 1160
1464 788
416 862
65 1342
1321 968
1431 611
1450 624
453 1158
398 1222
1088 1440
537 105
776 387
442 1265
278 1342
1453 1309
620 1042
754 1271
1296 1325
1313 740
1029 981
1170 691
523 1109
51 1299
472 1329
866 1219
454 228
287 1283
698 854
632 234
898 619
590 237
217 1160
1375 692
831 565
74 357
920 1051
211 591
240 1292
271 642
1231 1209
785 863
501 1104
854 1222
833 345
1092 1279
1291 442
1339 1156
1089 1210
96 237
48 1243
1042 640
133 1058
1394 799
642 935
619 1180
197 1487
534 355
583 476
428 1356
416 70
515 1244
1463 525
587 1120
1189 1454
1337 1352
719 1010
1489 928
673 1308
255 768
1280 939
1290 166
1040 1452
598 87
47 967
33 840
654 1416
1471 1409
593 1177
1126 1411
964 1349
1205 243
1191 308
774 1188
684 248
888 1475
437 785
239 1029
800 1362
244 1144
526 76
853 205
849 729
52 156
24 94
342 669
166 672
400 610
6 454
584 1185
336 854
1177 1470
1208 783
836 1140
755 20
280 959
1152 888
1026 483
61 97
262 87
1212 1427
704 203
609 1134
1144 246
1154 668
1417 1307
79 1319
299 1322
784 842
1102 1417
431 1212
422 1429
710 1014
1386 1297
108 451
1264 139
1183 214
178 924
1222 142
1098 372
690 281
1163 730
175 626
149 1391
212 922
605 853
1252 1189
789 1199
1186 606
487 568
939 1143
1154 1031
111 1220
740 933
1063 620
1106 1256
8 755
429 519
998 905
1284 1033
1058 1215
1386 492
899 633
219 120
391 1395
981 443
1416 371
499 699
872 1210
402 995
125 229
751 920
484 576
926 1446
253 643
464 1092
808 407
482 880
688 985
667 633
1499 1429
272 1043
509 232
178 361
293 836
1318 1273
485 1043
872 1452
383 995
584 756
1105 1394
515 131
272 1164
518 402
1337 468
523 480
877 749
624 303
1152 688
18 1247
888 120
383 1116
1291 739
1129 411
532 192
924 945
160 320
1281 1219
38 71
1378 105
1061 169
1231 580
1145 540
773 934
280 772
1364 1109
1166 599
689 1465
319 205
224 1365
1022 591
843 1114
1430 416
1244 1458
98 206
84 79
243 1378
1314 470
92 657
92 428
1262 14
1093 242
525 1478
569 501
4 1483
293 1320
463 1243
1306 471
921 660
356 622
992 311
1200 1243
916 1484
862 201
1003 1372
175 1486
438 139
1042 1071
670 1428
1260 247
678 794
1204 315
357 150
314 1500
1495 235
609 142
898 16
1092 1013
495 794
820 325
116 209
498 45
678 1144
179 265
1111 245
655 1197
218 1159
1110 545
485 722
1235 954
1343 258
775 969
73 1451
1293 666
1439 720
473 109
1266 1206
204 1382
1298 192
716 510
535 206
479 274
1489 433
1375 560
217 799
1472 1432
1380 382
1459 675
1216 688
127 761
398 1224
444 1111
1190 901
139 1229
247 45
1038 803
644 1401
251 918
738 1265
1178 554
253 469
726 164
827 741
273 1350
992 1037
1215 328
210 1001
265 708
447 456
58 644
1481 447
242 990
589 1034
264 483
446 231
580 1214
1456 390
1461 734
948 1152
239 655
607 593
1429 1159
940 739
1239 1035
927 1214
460 516
797 1104
551 405
383 3
734 755
515 1125
969 1332
377 1420
592 1345
1316 1376
1383 117
1333 525
116 827
1150 589
828 1292
365 1302
1061 1271
751 291
535 932
869 54
263 244
522 1407
446 594
769 52
1373 984
1474 1036
1204 1175
1316 221
786 1187
272 414
535 1053
1096 1120
283 1246
1403 1277
1300 361
1081 1226
854 540
673 1431
952 294
687 777
792 76
420 433
91 1426
1041 780
1445 1395
1108 312
1185 7
994 1230
636 731
534 949
107 1141
167 374
1241 23
1382 1231
805 890
903 1196
1075 485
1309 423
23 625
415 1378
456 1150
224 386
438 86
140 392
933 28
484 1370
1091 321
1082 538
987 1432
1219 772
976 1014
1394 1298
521 1373
1206 1247
891 152
1008 1491
1314 780
1434 845
1071 793
981 82
611 1037
843 377
299 1445
1252 1070
223 403
407 978
402 634
1306 552
287 1327
276 680
835 378
1459 730
275 1209
239 1286
830 973
969 85
1270 1245
444 1166
1034 968
571 978
1388 1200
1248 668
1468 442
743 1435
1106 1258
1450 802
674 1335
9 164
577 1402
1196 1151
888 1035
511 1048
1287 515
411 1110
1101 96
445 694
1217 1210
471 868
956 388
1107 32
78 119
714 1269
1442 510
1145 1226
651 691
367 932
1440 851
1335 1323
516 237
144 594
209 989
1360 104
1153 794
630 753
1182 1495
676 869
1139 630
308 473
356 1416
1108 1051
1487 1084
912 587
857 651
251 1107
738 1225
1149 42
829 589
1052 338
1447 867
564 520
1441 564
582 833
966 944
97 266
83 368
391 484
1375 1112
1285 172
1073 518
1209 1345
508 480
1104 770
1453 924
376 68
1264 759
1272 354
1005 239
869 1398
1013 359
271 954
135 90
1489 59
486 613
1285 1232
806 1463
746 1183
80 1322
534 775
1010 475
1001 1409
756 824
747 1004
1074 1133
604 955
1242 717
101 334
166 500
207 501
1100 1307
1456 942
299 1258
767 1363
748 1121
574 1197
63 1018
290 1209
1069 1176
1248 1178
227 860
77 1330
1324 1402
1444 6
451 1019
532 678
346 1491
919 1124
537 793
1421 22
8 678
1251 550
1304 376
593 550
543 729
431 222
763 732
648 745
748 1363
173 866
1458 1230
190 52
231 53
626 848
326 1081
1224 245
1379 1085
422 789
983 1085
330 971
416 974
132 1215
1090 201
497 1084
643 384
1471 795
278 1454
1037 1442
1164 500
667 219
1305 210
420 985
404 748
1128 25
338 165
194 120
708 341
30 1180
1205 1147
527 1232
62 1398
711 760
592 1334
597 1449
757 1401
1302 1201
1288 1037
107 767
1092 344
233 354
178 418
152 1183
1317 462
1110 1152
1024 1112
187 1406
510 110
586 657
953 1353
1355 1104
747 696
1320 100
1294 865
1452 219
1061 105
438 880
1367 1343
429 1060
1401 173
298 311
1409 293
1295 1440
408 1122
482 1071
1380 760
504 1355
1470 919
372 647
1406 1392
509 652
1362 568
522 591
1403 111
571 712
246 952
915 293
1197 1174
1090 1048
140 1428
111 498
952 1343
1174 224
184 1471
730 1415
408 1364
360 155
1374 699
534 722
694 674
988 892
58 204
710 655
911 416
1210 941
566 610
1407 1226
211 153
395 499
176 1364
97 576
1201 74
1431 536
817 902
942 79
902 717
479 1257
630 1426
1234 143
461 156
546 1432
1014 1308
448 631
976 787
514 433
643 318
406 405
533 446
235 523
675 795
243 872
985 728
949 1034
1332 18
704 449
857 1445
370 1098
590 1101
510 849
49 225
900 1263
764 207
908 858
1481 262
397 679
3 523
412 1216
723 849
48 1168
65 583
460 1378
116 1339
1005 683
260 300
1152 1376
1342 1207
148 244
789 506
610 1029
968 508
890 1083
9 1334
618 624
563 688
592 1389
1057 1260
1115 1201
1275 399
957 992
845 522
960 509
1127 1440
709 927
693 919
939 1389
502 1351
1350 923
524 881
384 349
721 1166
1225 928
975 753
1343 920
1427 1328
1136 1381
673 1354
858 353
1195 941
893 576
537 1466
7 483
1013 1395
629 237
942 697
1098 1210
318 1284
880 233
617 1351
1191 125
934 469
605 1233
825 1465
235 202
634 702
1316 278
354 833
1288 179
1278 1154
1314 582
443 1292
928 775
873 876
71 1420
415 1193
970 1186
1252 872
1293 644
1214 122
207 1429
300 196
35 679
52 323
1485 585
888 366
487 22
1283 1124
1255 1291
615 436
661 552
716 259
358 551
1190 1347
156 1319
1058 898
283 1316
1093 596
367 492
1096 372
641 960
632 1140
112 387
260 1268
1373 128
39 1040
1129 899
284 844
60 1099
294 1037
177 223
908 442
729 965
1059 840
462 621
743 82
1341 940
1121 671
507 1037
845 1261
726 1081
141 162
108 739
1302 719
378 334
627 1304
99 919
1310 314
1217 86
379 973
1153 596
1050 912
1480 725
307 804
229 1150
1077 722
1027 901
1407 368
696 1030
976 1084
363 332
927 145
497 1086
948 204
857 574
716 635
1060 445
246 686
1434 97
704 746
662 520
1400 449
304 812
231 1236
889 913
1011 381
144 530
696 1043
467 1220
639 509
778 587
206 361
1097 569
99 235
689 1269
646 404
391 1346
1425 105
293 774
289 1298
325 992
1058 348
309 230
961 681
102 425
24 1000
987 1047
221 1285
274 882
526 1103
200 1347
427 77
676 1047
781 1100
862 5
600 5
402 20
579 885
99 248
90 428
1000 878
1234 816
915 282
1360 403
1095 886
215 544
239 901
1446 820
917 1230
325 1355
48 323
1142 1348
1118 762
56 672
1082 516
399 257
118 503
931 1286
89 970
1274 1396
1279 1474
138 603
924 1017
447 126
1438 1467
349 786
266 1017
844 765
118 853
1176 1238
42 77
1048 6
1435 940
1242 774
1424 522
256 1497
293 332
1290 1461
686 263
603 265
1205 599
962 841
866 904
469 679
1226 658
651 427
947 1243
317 1076
819 11
163 380
514 1132
1259 17
101 1451
302 687
938 376
263 961
88 1374
702 550
1462 9
569 923
1465 1475
653 99
1055 1082
795 677
74 163
1476 1075
1247 1252
521 1377
456 1396
1340 1187
1381 1188
361 1280
452 1398
431 521
1243 436
596 625
386 1044
1396 449
981 207
751 913
1291 369
1367 916
332 929
929 690
1031 149
138 1100
554 749
536 1109
66 931
38 1098
826 390
473 760
215 7
1298 385
608 167
427 1058
380 754
796 403
498 709
1296 460
659 1337
483 1340
450 1163
169 655
105 1165
1358 291
1485 332
1409 1276
306 660
130 700
277 1356
555 583
128 775
939 694
1040 1271
551 814
1218 1277
1130 1164
612 1238
142 1060
64 1369
228 1248
1296 823
1171 1057
1274 283
1019 1454
594 258
967 769
1141 656
924 133
908 1357
572 1179
176 950
551 827
1190 1457
564 537
1307 810
305 771
1025 831
815 1021
567 956
1028 82
1160 238
179 1305
1132 176
478 1372
667 76
1257 1110
214 508
194 795
1364 418
717 607
1245 992
567 1077
887 264
637 318
38 1487
1029 842
1335 885
256 397
1016 85
458 1026
817 141
75 1490
1104 1137
92 905
150 92
876 721
704 1432
1313 722
1005 377
167 1493
449 913
89 341
1030 141
202 1450
1408 501
1387 415
1139 313
860 898
488 1026
1341 713
818 672
389 495
205 674
637 331
652 1134
251 561
1087 796
825 796
735 85
1026 557
291 1091
1437 128
93 352
1194 141
153 1157
254 1209
1264 1368
1353 134
1341 834
150 105
153 339
65 1458
486 1451
1162 273
34 1327
1154 1092
1264 1489
197 301
764 385
807 984
25 1214
486 1343
515 58
1062 227
681 1030
1149 1135
1137 751
980 1033
268 73
1078 1376
1333 168
135 712
164 1413
807 58
206 363
946 523
643 751
970 880
622 170
71 296
587 1115
490 1411
719 1005
1269 1149
1093 169
881 286
392 1290
757 479
913 467
1248 1211
964 1452
448 138
1392 172
1196 297
1113 757
1008 1229
1025 644
1142 1229
204 946
1293 1398
861 721
635 1398
1381 693
858 423
804 1355
71 309
777 700
130 889
364 1019
546 13
699 780
982 1334
922 300
1371 126
720 1068
1287 132
1163 362
1247 999
304 372
1338 1117
390 146
1116 21
1489 1286
589 1295
853 321
407 729
933 21
878 85
1323 701
227 1027
925 840
1255 1240
97 688
246 259
848 593
1216 494
944 826
824 1138
1323 593
741 1369
51 168
1276 252
436 275
342 88
1405 1305
701 1189
267 439
98 401
5 173
588 265
1336 424
763 791
334 385
657 1038
1030 88
825 851
42 213
1282 309
48 1159
70 1214
885 609
145 45
381 581
102 1166
64 645
891 1326
414 206
1458 1410
1186 951
1028 1331
305 973
7 1279
1218 903
786 980
187 163
887 803
92 1094
1477 605
768 1377
1145 1098
264 1349
967 274
310 4
160 1228
522 1321
1078 1310
388 863
928 282
1189 94
40 759
1055 508
523 1401
557 231
1119 1203
1334 862
410 477
888 1270
929 1042
855 864
612 1106
426 687
552 826
767 751
1257 615
627 448
18 1121
1126 1098
780 690
434 53
377 1468
796 634
502 187
278 708
1415 154
737 1222
1451 565
1217 398
905 806
1125 809
13 410
1369 1206
835 747
1293 164
127 1414
635 1332
485 341
1423 395
5 670
194 1360
160 1483
1357 1209
806 1335
1145 535
900 475
985 290
558 711
582 1068
1306 345
43 265
48 380
582 21
597 824
1029 481
1488 766
1327 1343
869 465
254 835
1421 712
773 1171
396 1184
547 1353
137 1189
104 783
1026 304
525 776
1110 1466
1266 1188
774 1251
815 1252
221 550
290 155
861 1139
381 502
446 668
69 910
831 1233
399 556
22 340
495 789
25 840
1277 7
699 30
1018 12
653 1082
1496 310
938 1480
592 843
1243 1298
798 130
1289 367
928 913
1125 1427
471 674
1364 1480
708 92
217 794
43 870
1373 482
382 107
595 1383
445 392
400 915
1305 1021
1038 906
1449 248
358 918
294 1162
830 1142
1379 1091
1028 339
1423 1363
967 329
1291 426
775 1327
883 860
432 170
590 1281
1087 101
1056 559
881 1201
286 762
365 1055
1079 398
304 1045
844 501
913 106
409 1098
601 1268
207 883
71 56
21 464
96 1281
333 1453
273 419
680 514
83 295
1480 1092
377 476
327 884
578 237
574 532
763 1222
983 1225
599 296
1357 1143
705 1217
920 122
1494 1148
160 370
1288 225
1348 276
332 73
807 1120
841 179
906 345
1121 4
1198 453
1313 174
960 581
706 930
869 399
1132 1038
72 1021
1123 1218
1090 1041
684 353
496 1241
1093 1231
38 363
802 1284
848 1400
392 366
510 358
484 1352
369 1136
1486 344
1383 1414
145 610
387 143
1066 431
891 1073
379 898
704 200
1402 996
906 829
1391 349
629 551
1198 708
389 310
766 31
726 1127
1268 1181
506 1383
755 367
435 914
624 850
197 1271
264 278
150 967
542 259
700 845
216 503
627 74
1375 1428
996 843
397 780
655 550
41 916
1479 1485
1288 722
238 1201
1043 137
1344 1068
1294 1476
972 1425
459 382
579 676
1078 131
1217 1192
417 385
317 1201
1053 303
891 1436
265 516
1113 88
444 1390
356 1048
1047 673
475 447
344 930
22 879
1200 622
1451 204
1055 1436
528 458
1161 142
1295 1125
963 386
851 1148
1224 427
964 1025
224 986
1256 150
340 114
365 1110
1263 274
302 7
1434 1324
991 754
416 1277
901 43
395 171
806 974
355 1038
921 1449
928 176
1184 102
647 163
105 109
406 1003
767 982
299 648
252 307
339 949
1228 330
1489 1088
723 1326
102 484
984 1101
740 246
270 297
406 1124
449 528
325 1172
977 1098
20 536
576 525
961 1090
73 133
1246 1222
353 187
1368 690
122 1486
1053 800
1096 1399
373 21
896 62
552 252
135 1132
116 890
391 829
288 1347
1262 1058
1170 1240
706 59
1005 126
955 534
776 1057
572 244
257 1135
384 947
1160 1168
594 491
857 1130
824 953
772 534
1350 245
1162 948
456 1200
475 18
1170 543
1488 1118
633 375
269 1081
112 609
119 1322
788 1417
65 268
373 155
739 478
267 375
771 1369
387 440
1440 1464
378 1374
243 920
826 1012
537 909
729 1079
335 923
1097 1246
1252 1120
130 262
264 225
300 673
916 905
1456 361
429 558
742 789
28 1153
1442 1365
898 484
301 265
113 1197
483 915
240 1157
1078 78
271 507
1298 81
1060 667
790 577
722 379
1114 903
429 800
1270 1416
379 979
1483 248
1414 377
187 220
23 1280
835 441
272 35
384 276
637 456
763 272
302 880
644 580
626 1206
189 939
612 1042
1286 1252
50 1046
1457 316
287 464
402 1168
1332 321
1424 1078
393 338
1231 1437
474 1229
804 1104
902 215
12 875
432 1232
635 1039
362 880
595 822
1200 1161
787 763
427 191
1483 732
800 1456
159 642
295 8
315 889
1041 535
987 6
763 527
792 999
1084 1107
1029 417
1144 1158
265 21
98 1076
911 398
267 67
420 309
573 1305
889 1053
1 96
656 293
280 1174
521 68
1142 186
1446 826
429 250
71 542
783 1236
241 953
1275 944
1108 538
772 589
1104 1062
736 666
1385 294
1077 178
710 879
880 307
1009 946
744 1429
82 263
486 87
615 497
661 613
604 79
1018 887
1343 418
897 597
117 900
217 609
607 498
698 653
1152 69
378 1200
813 374
873 1408
964 772
1067 1422
1151 369
328 36
1283 488
517 726
197 1044
752 1303
535 1305
1032 125
309 962
1338 1363
1055 257
1490 185
705 669
1319 303
1460 1474
452 223
753 1383
1472 316
274 1385
893 1363
597 318
1452 832
681 726
1207 772
109 500
1138 147
1231 1129
799 681
59 908
941 801
1448 309
1455 1022
116 395
1384 324
1026 616
1191 683
826 33
855 734
708 1209
876 793
769 667
1131 494
723 1194
145 1217
761 1220
425 1271
454 511
1188 735
78 1163
1044 727
1137 689
379 1276
224 170
297 160
818 1323
1064 561
156 709
890 1199
219 240
838 743
624 1457
120 234
796 517
345 581
997 507
1453 558
1427 1323
702 101
550 461
1233 225
1136 558
212 1405
921 404
702 1269
12 822
55 1421
912 584
108 1284
130 814
1150 870
228 1120
957 1000
303 476
93 666
1230 341
216 1002
1105 346
807 1406
777 746
287 653
517 1344
60 839
831 753
1406 166
1330 585
837 652
1308 8
1185 1106
1171 942
1465 1160
1083 829
1427 639
461 1011
29 371
1498 290
1303 51
496 251
205 533
243 559
65 967
371 1239
1239 1463
153 1016
91 1370
1130 244
235 560
1129 773
301 133
220 1191
1142 483
705 482
189 1383
921 1009
308 28
1435 1001
1319 1055
171 1191
1301 1415
1082 819
1400 1128
1319 8
278 270
262 33
459 318
722 1186
235 802
964 948
1093 604
1151 545
485 721
627 1299
49 1322
694 40
1306 833
406 805
838 1253
868 607
570 1438
1074 446
480 727
504 1084
151 1454
132 1212
949 1205
976 1079
948 1246
910 725
44 52
997 1138
362 627
1239 900
1074 338
1029 1090
743 1487
892 792
966 741
1250 271
1053 1420
743 440
1390 22
113 273
528 286
266 515
395 1154
13 106
583 1390
1489 903
1456 726
795 980
819 1374
356 1347
538 1095
1279 46
883 46
994 1082
416 1105
1081 970
1236 615
1315 908
1122 1267
506 998
51 603
469 1116
627 507
1053 615
1292 106
48 305
1242 285
908 1163
273 423
564 572
1257 795
333 410
737 234
849 475
770 182
1294 1091
1025 408
985 1275
1021 932
267 1224
1497 632
256 311
113 528
1314 1450
906 1396
728 306
1431 1446
1493 109
115 308
1279 1348
1191 1235
299 1068
1142 296
1293 694
1233 414
491 1009
1306 404
862 1410
1041 658
1457 573
1140 637
1157 52
984 1292
146 947
1211 288
256 324
590 843
579 196
885 468
1071 658
288 249
1347 4
688 368
108 547
118 969
737 489
742 604
664 1179
833 722
1137 1362
281 1377
740 908
798 1115
819 1174
1483 171
530 1071
972 1187
1056 592
565 1028
856 423
1427 1178
481 805
646 1138
671 377
1342 1070
1043 1188
102 1159
585 81
1077 772
225 1495
636 275
1500 380
137 1382
1236 536
498 570
981 1478
590 1327
1195 912
763 1255
1360 1245
1134 1198
275 1208
614 674
99 1211
797 1024
1499 1067
611 110
215 110
1149 1183
194 990
385 292
508 103
771 742
329 397
796 277
439 1437
1425 1202
203 931
767 973
150 516
1251 268
907 229
855 39
317 629
372 336
673 1230
1210 388
241 755
232 935
1156 1091
1207 90
699 586
821 283
929 1048
1185 974
480 929
1459 984
937 350
1117 1220
456 949
284 465
614 1279
108 1407
1266 939
1431 1272
242 1407
469 366
1291 969
670 127
800 1405
110 204
283 361
866 941
365 430
836 15
478 307
619 1249
794 55
1288 1344
1477 48
314 1367
1203 748
451 884
683 187
1493 1224
260 1252
1314 700
249 376
1350 128
983 829
909 651
867 654
1119 646
959 1411
29 723
631 828
409 715
1360 937
1193 531
1299 698
413 605
845 1016
561 1486
320 377
600 431
1216 663
643 1067
990 1111
775 1186
1384 247
415 385
1194 123
1164 1412
524 557
477 216
289 919
526 603
817 1075
14 162
1063 1481
1061 883
247 141
562 1199
304 675
1379 145
245 216
1222 427
360 691
1375 440
965 542
915 950
1462 1348
1085 1132
147 812
713 1489
558 383
515 750
363 1376
91 688
289 932
1104 327
102 288
146 331
836 512
729 386
483 919
701 324
97 1112
876 1079
948 201
168 992
1055 1495
915 1192
48 1341
1025 1323
54 863
92 1155
546 571
501 1094
1165 845
991 692
1352 671
1085 556
1266 631
1333 392
1191 1211
691 107
1157 846
1427 441
1308 749
432 1344
1337 1450
581 686
1374 551
1221 1275
727 740
680 628
666 464
1258 110
1392 864
1333 1452
221 1282
18 1182
1438 162
149 884
1059 1334
1239 218
1161 564
995 760
1439 279
986 977
599 531
1495 1083
320 887
874 241
531 1336
283 1234
708 474
1031 1393
43 1481
984 1052
1372 868
522 469
1169 805
434 585
887 1119
895 1468
502 719
1114 1283
1413 347
1277 752
1191 1466
1165 282
1180 819
1398 224
734 998
558 772
1301 62
2 554
790 1307
466 1183
142 305
235 496
546 129
114 206
24 1481
769 174
1235 876
1455 879
1400 943
567 188
1002 116
553 24
1181 347
1055 1174
1292 363
502 961
1171 73
303 788
1364 1407
1148 62
733 1015
884 1184
1476 830
338 193
54 205
582 324
559 835
1376 828
748 1296
1319 65
424 381
706 1299
1155 1125
1249 235
203 678
1338 1475
753 327
1162 1249
1432 881
618 139
1041 205
251 611
1111 1469
545 792
1221 846
969 73
850 610
1330 1247
929 903
385 281
1164 1480
949 94
904 617
122 56
383 622
999 854
621 908
1474 366
1 934
918 1131
151 235
875 1498
123 402
288 735
1136 307
1260 787
404 1031
304 1093
1386 603
641 220
78 1046
1492 1029
541 1450
1305 385
1236 551
1148 667
902 1200
625 397
1141 1445
1480 911
675 1386
1174 841
1272 1147
12 813
652 1439
614 1147
1450 1153
930 1383
1419 1022
1242 1389
1040 208
140 180
109 638
208 580
760 1093
1491 1312
634 688
1145 638
928 640
112 1286
1385 98
807 121
999 291
462 352
32 539
302 134
1311 563
623 943
115 15
1388 517
1267 227
334 59
1343 222
99 421
441 1353
995 707
981 809
492 352
84 298
27 1484
400 763
1336 219
556 1047
1135 1397
1004 648
49 950
670 1297
568 1286
79 75
982 337
920 654
459 67
903 1010
997 874
152 553
589 1345
752 60
788 242
1185 1339
252 905
234 70
1127 876
1080 535
815 1018
586 1195
378 1017
1356 1342
592 717
1423 874
898 6
1271 1234
507 84
1238 1057
586 148
381 1436
1406 641
1232 525
1421 1178
116 1367
739 363
964 710
766 200
826 1005
339 392
586 269
412 1136
1322 1357
208 1077
1409 13
1203 1113
1272 718
549 323
972 197
183 1434
40 1385
998 600
1325 729
1331 480
873 1359
1351 1132
50 797
485 954
1483 1288
1414 1417
540 395
1059 960
899 1496
629 1083
1289 375
1330 147
131 991
590 1276
1219 252
1473 1071
1244 1248
867 1261
851 270
190 524
59 41
1432 252
85 996
1050 1382
1444 1309
297 98
247 506
1014 907
811 53
1123 850
209 924
1323 1140
779 222
772 1266
316 232
1281 1143
1449 727
1258 1159
1149 435
1206 740
469 181
455 283
319 1405
553 589
480 47
757 584
1009 576
797 168
977 1038
1283 1044
1099 469
154 1230
56 658
1482 207
601 458
668 1451
965 1149
607 1175
763 1459
649 125
764 866
1071 757
1453 859
689 463
1131 808
1012 1345
698 1451
209 240
1477 923
771 1175
1118 1219
1493 113
1106 872
1450 416
806 351
376 1292
527 670
1136 751
276 536
410 1253
387 1306
1469 1045
1181 349
778 373
616 311
258 374
1001 418
1085 1055
1338 1235
987 254
1327 588
1208 896
1280 247
419 147
546 1420
639 187
434 950
1055 1068
869 649
249 675
321 26
1404 663
1319 296
1343 653
214 802
68 1273
100 1491
1213 314
1132 1409
1064 191
97 1156
1112 905
458 381
1252 1410
1240 538
528 332
891 155
1025 1138
870 1264
721 912
289 1218
309 150
1306 784
799 687
1396 677
736 109
1040 1015
393 1433
1124 191
900 446
1464 259
1388 1203
1479 796
166 1390
680 1382
821 1321
1156 1311
683 633
306 646
464 37
1376 1085
268 125
164 1465
453 1339
16 1338
1012 808
1141 1447
695 1101
1323 1195
337 1164
65 705
1331 790
233 518
701 623
386 1285
1435 847
466 985
490 1342
466 756
1389 1145
1148 790
1299 205
924 1045
681 1095
660 972
822 805
992 1445
207 1175
962 519
358 1344
1127 623
442 520
767 51
763 346
322 1098
47 893
1062 642
1447 978
1042 1158
720 878
711 1058
142 120
1104 760
1401 229
248 775
802 166
913 640
599 709
573 1474
545 1412
925 879
794 167
343 2
128 77
1067 999
628 134
800 1409
1018 814
235 1371
1186 398
306 1251
808 186
326 937
732 1359
300 1473
40 85
38 1473
635 1463
1190 1456
1114 414
558 950
126 502
690 86
470 1251
624 900
789 1233
635 766
800 833
43 625
1161 58
492 488
459 540
82 324
918 825
123 96
942 953
570 1310
386 735
845 1249
110 571
762 1251
719 615
1197 425
68 1328
1150 313
914 73
1466 815
79 440
208 1079
1125 256
216 674
964 833
1491 993
789 1475
67 1490
921 318
477 341
1349 1290
1128 1062
613 1370
287 1385
624 216
1496 670
1050 95
499 975
1085 318
166 277
943 1137
1017 1086
1153 718
117 1095
506 870
1316 187
215 169
318 1085
1157 837
270 1044
816 1217
673 1397
807 165
1240 727
1248 1076
1341 257
1231 385
881 501
1466 1191
791 1281
206 362
1463 856
263 344
435 1353
815 820
1401 163
173 535
1195 1226
147 1071
373 71
438 991
344 538
1254 759
388 352
1205 574
993 166
139 550
1482 101
826 928
160 838
540 76
151 789
1269 222
338 881
682 425
556 286
368 235
1137 1234
791 826
1289 56
114 89
535 119
1044 225
84 1415
1013 646
1321 762
801 9
811 431
625 12
577 1018
269 902
356 790
202 323
804 657
1244 929
1175 829
1414 1111
536 842
512 256
663 425
186 729
539 66
1489 1406
1162 1240
34 79
516 82
302 796
613 1183
646 1131
910 652
1042 542
636 1086
981 303
114 452
45 618
652 1067
1459 601
1099 29
8 736
1040 883
799 1494
1153 531
1074 1433
1375 607
726 198
1034 839
1498 943
758 904
212 1145
740 1264
587 793
444 219
339 691
322 495
717 1253
1135 1012
1052 1243
285 347
62 275
1302 1125
1245 362
975 501
400 270
1360 312
737 1087
231 232
626 1256
523 111
294 288
706 498
623 692
400 391
1211 81
1469 605
127 3
1388 1205
1182 548
139 242
1355 210
837 284
415 1049
659 1446
1 1180
1391 1072
400 633
937 343
226 517
344 243
693 1151
927 335
491 936
45 1115
750 638
464 281
149 1172
1071 693
922 341
853 470
1152 803
589 397
66 127
1239 1216
179 4
1053 797
991 1114
342 705
815 1117
1403 1324
778 1235
642 179
1380 108
693 1164
1047 1396
1427 863
1181 164
139 726
357 131
961 1100
1174 161
1181 1103
1461 1386
1406 1450
807 596
458 1122
581 1229
1345 164
534 888
625 1006
1055 65
1433 1445
1233 596
1186 521
1086 583
761 786
408 1422
878 139
939 1058
617 1007
920 550
1167 1181
413 719
1024 607
960 1117
380 542
201 1065
1127 62
113 952
1028 1251
1205 655
155 1363
1172 707
1201 1179
1094 824
1434 1121
732 1374
747 191
738 1125
787 492
71 847
817 371
